0 13.0 10.0 2.0 16.0 0.18 0.88 0.85 0.95 0.0 0.73 0.79 0.7 0.61 0.0 0.28 0.57 0.68 0.69 0.0 0.34 0.72 0.91 0.8 0.0
0 20.0 29.0 27.0 0.0 0.91 0.84 0.6 0.11 0.0 0.03 0.62 0.42 0.99 0.0 0.36 0.42 0.44 0.47 0.0 0.02 0.31 0.96 0.91 0.0
0 17.0 21.0 5.0 26.0 0.08 0.81 0.54 0.91 0.0 0.01 0.48 0.3 0.23 0.0 0.96 0.41 0.87 0.72 0.0 0.43 0.47 0.6 0.92 0.0
0 52.0 2.0 23.0 9.0 0.17 0.02 0.55 0.49 0.0 0.16 0.08 0.85 0.78 0.0 0.7 0.38 0.59 0.59 0.0 0.27 0.82 0.36 0.2 0.0
0 15.0 9.0 7.0 12.0 0.3 0.4 0.65 0.51 0.0 0.7 0.52 0.66 0.79 0.0 0.48 0.29 0.44 0.88 0.0 0.62 0.87 0.02 0.45 0.0
0 50.0 6.0 28.0 9.0 0.85 0.52 0.37 0.48 0.0 0.58 0.28 0.18 0.68 0.0 0.84 0.64 0.26 0.53 0.0 0.46 0.69 0.71 0.48 0.0
0 16.0 10.0 8.0 4.0 0.18 0.92 0.4 0.05 0.0 0.41 0.21 0.68 0.59 0.0 0.64 0.85 0.58 0.92 0.0 0.08 0.68 0.05 0.71 0.0
0 6.0 2.0 17.0 17.0 0.06 0.41 0.11 0.35 0.0 0.75 0.46 0.71 0.88 0.0 0.9 0.33 0.74 0.47 0.0 0.46 0.18 0.1 0.79 0.0
0 20.0 20.0 4.0 3.0 0.3 0.69 0.69 0.79 0.0 0.79 0.35 0.45 0.25 0.0 0.71 0.38 0.54 0.35 0.0 0.78 0.5 0.72 0.21 0.0
0 44.0 24.0 27.0 1.0 0.29 0.15 0.14 0.87 0.0 0.05 0.41 0.73 0.16 0.0 0.43 0.55 0.16 0.4 0.0 0.81 0.05 0.43 0.74 0.0
1 17.0 29.0 12.0 14.0 0.5 0.53 0.55 0.73 0.0 0.32 0.5 0.34 0.56 0.0 0.0 0.59 0.33 0.65 0.0 0.04 0.29 0.55 0.25 0.0
0 29.0 29.0 24.0 14.0 0.75 0.29 0.46 0.31 0.0 0.0 0.81 0.96 0.78 0.0 0.56 0.65 0.52 0.85 0.0 0.67 0.45 0.08 0.81 0.0
0 25.0 12.0 16.0 21.0 0.91 0.27 0.8 0.81 0.0 0.84 0.38 0.87 0.01 0.0 0.48 0.65 0.71 0.45 0.0 0.07 0.35 0.08 0.03 0.0
1 15.0 3.0 4.0 7.0 0.49 0.1 0.46 0.42 0.0 0.32 0.22 0.51 0.16 0.0 0.06 0.51 0.93 0.46 0.0 0.52 0.18 0.41 0.44 0.0
0 49.0 16.0 30.0 1.0 0.41 0.1 0.06 0.09 0.0 0.92 0.59 0.9 0.94 0.0 0.1 0.28 0.96 0.94 0.0 0.83 0.52 0.77 0.41 0.0
0 8.0 12.0 17.0 26.0 0.05 0.0 1.0 0.51 0.0 0.4 0.78 0.97 0.54 0.0 0.38 1.0 0.18 0.16 0.0 0.45 0.83 0.47 0.61 0.0
1 2.0 0.0 19.0 0.0 0.43 0.42 0.17 0.65 0.0 0.19 0.66 0.71 0.18 0.0 0.3 0.49 0.91 0.91 0.0 0.75 0.08 0.28 0.08 0.0
1 28.0 25.0 28.0 6.0 0.65 0.13 0.21 0.28 0.0 1.0 0.5 0.85 0.46 0.0 0.86 0.58 0.94 0.0 0.0 0.77 0.49 0.7 0.27 0.0
0 8.0 14.0 10.0 27.0 0.19 0.31 0.81 0.18 0.0 0.87 0.95 0.61 0.68 0.0 0.63 0.75 0.33 0.08 0.0 0.57 0.41 0.98 0.2 0.0
0 40.0 1.0 22.0 31.0 0.91 0.36 0.01 0.76 0.0 0.71 0.93 0.24 0.03 0.0 0.13 0.61 0.32 0.82 0.0 0.41 0.66 0.34 0.89 0.0
0 53.0 8.0 13.0 15.0 0.35 0.52 0.8 0.83 0.0 0.5 0.04 0.98 0.84 0.0 0.78 0.28 0.23 0.4 0.0 0.34 0.25 0.18 0.45 0.0
0 14.0 9.0 31.0 9.0 0.07 0.8 0.03 0.48 0.0 0.36 0.83 0.03 0.6 0.0 0.77 0.56 0.6 0.45 0.0 0.8 0.88 0.92 0.47 0.0
1 28.0 21.0 3.0 29.0 0.58 0.86 0.46 0.21 0.0 0.6 0.43 0.84 0.57 0.0 0.49 0.51 0.43 0.21 0.0 0.42 0.42 0.71 0.93 0.0
1 53.0 15.0 31.0 9.0 0.42 0.03 0.58 0.28 0.0 0.21 0.11 0.49 0.07 0.0 0.48 0.03 0.32 0.43 0.0 0.94 0.97 0.59 0.68 0.0
0 0.0 2.0 5.0 5.0 0.05 0.88 0.06 0.97 0.0 0.14 0.45 0.45 0.67 0.0 0.86 0.0 0.0 0.84 0.0 0.2 0.84 0.45 0.8 0.0
0 52.0 22.0 9.0 24.0 0.78 0.28 0.02 0.74 0.0 0.02 0.62 0.19 0.7 0.0 0.72 0.56 0.06 0.01 0.0 0.34 0.73 0.77 0.63 0.0
0 0.0 29.0 13.0 0.0 0.84 0.63 0.79 0.97 0.0 0.93 0.02 0.17 0.71 0.0 0.6 0.18 0.26 0.46 0.0 0.98 0.04 0.49 0.82 0.0
0 11.0 19.0 12.0 12.0 0.91 0.57 0.32 0.73 0.0 0.88 0.33 0.65 0.92 0.0 0.25 0.79 1.0 0.78 0.0 0.91 0.76 0.95 0.1 0.0
0 10.0 8.0 3.0 11.0 0.75 0.45 0.88 0.42 0.0 0.14 0.44 0.7 0.0 0.0 0.96 0.96 0.58 0.37 0.0 0.23 0.43 0.04 0.18 0.0
1 16.0 17.0 5.0 26.0 0.84 0.04 0.67 0.21 0.0 0.5 0.67 0.02 0.49 0.0 0.84 0.69 0.1 0.07 0.0 0.25 0.04 0.88 0.1 0.0
0 40.0 6.0 30.0 26.0 0.87 0.47 0.14 0.1 0.0 0.98 0.38 0.91 0.96 0.0 0.24 0.56 0.56 0.12 0.0 0.39 0.0 0.32 0.21 0.0
0 3.0 1.0 11.0 20.0 0.75 0.63 0.47 0.15 0.0 0.16 0.05 0.86 0.04 0.0 0.13 0.91 0.68 0.22 0.0 0.63 0.17 0.31 0.57 0.0
1 9.0 19.0 21.0 11.0 0.94 0.23 0.55 0.68 0.0 0.22 0.06 0.32 0.38 0.0 0.01 0.91 0.97 0.94 0.0 0.43 0.85 0.82 0.78 0.0
1 29.0 31.0 21.0 21.0 0.51 0.7 0.88 0.0 0.0 0.63 0.94 0.04 0.41 0.0 0.46 0.84 0.95 0.0 0.0 0.05 0.16 0.2 0.68 0.0
1 16.0 31.0 3.0 20.0 0.84 0.12 0.72 0.69 0.0 0.24 0.12 0.87 0.61 0.0 0.3 0.76 0.7 0.5 0.0 0.33 0.13 0.2 0.63 0.0
0 48.0 25.0 12.0 7.0 0.42 0.87 0.34 0.29 0.0 0.31 0.02 0.26 0.2 0.0 0.72 0.94 0.46 0.84 0.0 0.23 0.44 0.07 0.25 0.0
1 18.0 1.0 11.0 16.0 0.99 0.07 0.08 0.25 0.0 0.43 0.15 0.51 0.01 0.0 0.05 0.02 0.74 0.24 0.0 0.27 0.11 0.53 0.62 0.0
0 42.0 17.0 21.0 9.0 0.43 0.56 0.69 0.58 0.0 0.21 0.66 0.91 0.44 0.0 0.43 0.82 0.2 0.77 0.0 0.48 0.08 0.09 0.45 0.0
0 54.0 14.0 2.0 11.0 0.31 0.37 0.09 0.33 0.0 0.03 0.53 0.93 0.04 0.0 0.7 0.35 0.65 0.37 0.0 0.52 0.28 0.43 0.31 0.0
1 15.0 16.0 22.0 20.0 0.25 0.84 0.6 0.55 0.0 0.09 0.4 0.34 0.45 0.0 0.42 0.46 0.07 1.0 0.0 0.67 0.31 0.65 0.35 0.0
1 34.0 7.0 28.0 20.0 0.6 0.23 0.85 0.36 0.0 0.29 0.64 0.42 0.4 0.0 0.97 0.15 0.53 0.59 0.0 0.72 0.65 0.79 0.89 0.0
0 31.0 24.0 23.0 9.0 0.15 0.76 0.32 0.72 0.0 0.87 0.67 0.59 0.22 0.0 0.85 0.63 0.69 0.71 0.0 0.52 0.57 0.87 0.34 0.0
1 53.0 12.0 21.0 23.0 0.76 0.03 0.14 0.42 0.0 0.44 0.79 0.05 0.76 0.0 0.66 0.57 0.08 0.18 0.0 0.02 0.63 0.47 0.84 0.0
0 52.0 16.0 20.0 10.0 0.25 0.52 0.32 0.5 0.0 0.23 0.1 0.67 0.26 0.0 0.04 0.1 0.95 0.45 0.0 0.06 0.99 0.89 0.22 0.0
1 54.0 21.0 17.0 3.0 0.94 0.17 0.63 0.27 0.0 0.1 0.12 0.43 0.75 0.0 0.44 0.72 0.56 0.78 0.0 0.21 0.41 0.2 0.96 0.0
0 17.0 1.0 20.0 2.0 0.22 0.5 0.24 0.21 0.0 0.11 0.04 0.15 0.85 0.0 0.96 0.66 0.4 0.94 0.0 0.94 0.49 0.74 0.04 0.0
0 51.0 13.0 8.0 6.0 0.32 0.94 0.3 0.81 0.0 0.45 0.04 0.2 0.54 0.0 0.39 0.53 0.62 0.91 0.0 0.19 0.79 0.8 0.92 0.0
0 47.0 23.0 27.0 5.0 0.45 0.71 0.63 0.53 0.0 0.47 0.89 0.1 0.45 0.0 0.17 0.65 0.69 0.36 0.0 0.68 0.15 0.65 0.65 0.0
1 8.0 6.0 30.0 15.0 0.55 0.64 0.12 0.82 0.0 0.32 0.92 0.67 0.27 0.0 0.73 0.91 0.58 0.95 0.0 0.22 0.54 0.48 0.69 0.0
0 20.0 21.0 19.0 30.0 0.2 0.71 0.56 0.98 0.0 0.46 0.94 0.57 0.05 0.0 0.05 0.3 0.08 0.3 0.0 0.73 0.7 0.11 0.74 0.0
1 4.0 1.0 28.0 18.0 0.39 0.29 0.18 0.37 0.0 0.76 0.29 0.39 0.34 0.0 0.01 0.96 0.42 0.79 0.0 0.72 0.24 0.3 0.31 0.0
1 36.0 21.0 31.0 6.0 0.77 0.51 0.33 0.84 0.0 0.25 0.3 0.95 0.26 0.0 0.26 0.72 0.38 0.24 0.0 0.24 0.36 0.15 0.9 0.0
1 16.0 16.0 18.0 28.0 0.69 0.43 0.84 0.89 0.0 0.32 0.52 0.84 0.23 0.0 0.93 0.18 0.28 0.86 0.0 0.89 0.21 0.88 0.69 0.0
0 14.0 15.0 8.0 24.0 0.89 0.22 0.26 0.19 0.0 0.94 0.58 0.25 0.51 0.0 0.12 0.97 0.58 0.36 0.0 0.83 0.87 0.72 0.02 0.0
1 13.0 14.0 27.0 10.0 0.49 0.23 0.01 0.64 0.0 0.24 0.82 0.56 0.92 0.0 0.41 0.84 0.38 0.14 0.0 0.55 0.84 0.34 0.67 0.0
1 31.0 26.0 9.0 9.0 0.64 0.65 0.27 0.87 0.0 0.92 0.14 0.81 0.87 0.0 0.33 0.68 0.23 0.26 0.0 0.62 0.51 0.97 0.43 0.0
0 5.0 27.0 26.0 18.0 0.11 0.49 0.95 0.88 0.0 0.11 0.52 0.93 0.86 0.0 0.53 0.33 0.44 0.23 0.0 0.3 0.62 0.61 0.19 0.0
1 17.0 7.0 18.0 2.0 0.33 0.39 0.49 0.58 0.0 0.45 0.24 0.23 0.96 0.0 0.83 0.43 0.21 0.47 0.0 0.29 0.73 0.99 0.05 0.0
0 51.0 29.0 27.0 23.0 0.92 0.23 0.39 0.48 0.0 0.58 0.28 0.17 0.41 0.0 0.04 0.82 0.12 0.86 0.0 0.52 0.9 0.81 0.71 0.0
0 20.0 30.0 18.0 28.0 0.49 0.82 0.13 0.32 0.0 0.22 0.67 0.57 0.93 0.0 0.42 0.87 0.18 0.84 0.0 0.56 0.3 0.47 0.74 0.0
0 20.0 29.0 22.0 17.0 0.49 0.29 0.38 0.36 0.0 0.98 0.34 0.26 0.1 0.0 0.52 0.91 0.33 0.86 0.0 0.23 0.25 0.93 0.88 0.0
1 16.0 19.0 4.0 29.0 0.46 0.55 0.67 0.81 0.0 0.76 0.25 0.43 0.96 0.0 0.73 0.16 0.37 0.84 0.0 0.87 0.46 0.08 0.75 0.0
1 52.0 28.0 29.0 18.0 0.39 0.85 0.75 0.68 0.0 0.53 0.29 0.28 0.26 0.0 0.84 0.87 0.61 0.96 0.0 0.9 0.4 0.12 0.01 0.0
0 24.0 19.0 11.0 8.0 0.56 0.36 0.75 0.13 0.0 0.74 0.23 0.4 0.42 0.0 0.04 0.06 0.29 0.61 0.0 0.0 0.91 0.58 0.19 0.0
1 8.0 9.0 18.0 1.0 0.95 0.11 0.05 0.9 0.0 0.14 1.0 0.25 0.06 0.0 0.73 0.57 0.6 0.36 0.0 0.52 0.65 0.6 0.15 0.0
1 41.0 24.0 10.0 13.0 0.24 0.36 0.97 0.53 0.0 0.43 0.43 0.81 0.65 0.0 0.4 0.41 0.9 0.24 0.0 0.12 0.84 0.39 0.43 0.0
0 28.0 9.0 23.0 10.0 0.8 0.04 0.89 0.97 0.0 0.25 0.45 0.94 0.89 0.0 0.49 0.67 0.1 0.51 0.0 0.26 0.6 0.11 0.84 0.0
0 24.0 1.0 26.0 8.0 0.79 0.27 0.78 0.86 0.0 0.34 0.22 0.03 0.35 0.0 0.84 0.17 0.27 0.33 0.0 0.55 0.21 0.61 0.88 0.0
0 49.0 31.0 9.0 2.0 0.13 0.37 0.92 0.33 0.0 0.77 1.0 0.73 0.39 0.0 0.93 0.47 0.71 0.96 0.0 0.38 0.97 0.8 0.5 0.0
1 21.0 7.0 17.0 5.0 0.48 0.41 0.13 0.13 0.0 0.72 0.93 0.47 0.73 0.0 0.28 0.91 0.39 0.68 0.0 0.06 0.91 0.12 0.44 0.0
1 8.0 25.0 19.0 26.0 0.96 0.27 0.07 0.37 0.0 0.31 0.17 0.51 0.64 0.0 0.16 0.14 0.7 0.2 0.0 0.81 0.97 0.57 0.16 0.0
0 32.0 16.0 1.0 22.0 0.78 0.17 0.94 0.78 0.0 0.68 0.49 0.71 0.52 0.0 0.85 0.38 0.38 0.24 0.0 0.18 0.64 0.06 0.01 0.0
0 7.0 14.0 21.0 29.0 0.91 0.24 0.7 0.58 0.0 0.88 0.58 0.43 0.07 0.0 0.65 0.9 0.04 0.26 0.0 0.0 0.2 0.08 0.19 0.0
0 48.0 15.0 21.0 9.0 0.98 0.29 0.29 0.24 0.0 0.03 0.19 0.18 0.81 0.0 0.82 0.44 0.12 0.66 0.0 0.6 0.54 0.16 0.72 0.0
0 22.0 7.0 19.0 27.0 0.48 0.79 0.54 0.2 0.0 0.4 0.59 0.49 0.24 0.0 0.14 0.94 0.05 0.65 0.0 0.5 0.64 0.59 0.22 0.0
0 9.0 21.0 6.0 8.0 0.63 0.72 0.52 0.88 0.0 0.06 0.66 0.04 0.37 0.0 0.65 0.86 0.82 0.71 0.0 0.99 0.75 0.35 0.15 0.0
0 13.0 21.0 26.0 16.0 0.32 0.66 0.43 0.04 0.0 0.85 0.93 0.53 0.48 0.0 0.1 0.25 0.33 0.77 0.0 0.08 0.79 0.54 0.28 0.0
0 36.0 15.0 1.0 18.0 0.25 0.48 0.16 0.36 0.0 0.17 0.17 0.47 0.3 0.0 0.44 0.61 0.97 0.74 0.0 0.03 0.79 0.56 0.11 0.0
0 7.0 7.0 7.0 19.0 0.28 0.08 0.19 0.96 0.0 0.65 0.32 0.19 0.14 0.0 0.48 0.31 0.43 0.49 0.0 0.0 0.49 0.76 0.41 0.0
0 3.0 30.0 17.0 8.0 0.64 0.9 0.55 0.65 0.0 0.87 0.69 0.87 0.83 0.0 0.67 0.05 0.39 0.71 0.0 0.19 0.86 0.79 0.81 0.0
1 1.0 3.0 20.0 24.0 0.57 0.45 0.26 0.47 0.0 0.81 0.13 0.59 0.31 0.0 0.26 0.75 0.34 0.69 0.0 0.81 0.67 0.19 0.9 0.0
1 17.0 29.0 9.0 15.0 0.91 0.59 0.08 0.85 0.0 0.24 0.49 0.64 0.75 0.0 0.42 0.11 0.1 0.6 0.0 0.08 0.02 0.52 0.31 0.0
1 1.0 1.0 30.0 24.0 0.02 0.46 0.53 0.48 0.0 0.27 0.09 0.34 0.01 0.0 0.15 0.53 0.51 0.81 0.0 0.76 0.08 0.66 0.23 0.0
1 6.0 14.0 5.0 13.0 0.91 0.94 0.13 0.29 0.0 0.57 0.38 0.53 0.85 0.0 0.63 0.25 0.35 0.54 0.0 0.18 0.66 0.85 0.1 0.0
0 55.0 20.0 30.0 5.0 0.2 0.75 0.7 0.66 0.0 0.3 0.23 0.28 0.91 0.0 0.97 0.6 0.61 0.5 0.0 0.9 0.92 0.39 0.83 0.0
1 45.0 17.0 24.0 0.0 0.67 0.45 0.05 0.02 0.0 0.48 0.82 0.2 0.76 0.0 0.16 0.5 0.09 0.02 0.0 0.32 0.93 0.12 0.34 0.0
1 23.0 18.0 11.0 10.0 0.51 0.08 0.54 0.43 0.0 0.55 0.29 0.25 0.93 0.0 0.98 0.34 0.87 0.68 0.0 0.62 0.08 0.41 0.83 0.0
0 20.0 15.0 0.0 7.0 0.85 0.78 0.37 0.32 0.0 0.15 0.06 0.41 0.16 0.0 0.09 0.13 0.76 0.52 0.0 0.16 0.32 0.28 0.9 0.0
0 15.0 22.0 21.0 31.0 0.01 0.47 0.81 0.85 0.0 0.39 0.16 0.85 0.85 0.0 0.88 0.37 0.22 0.15 0.0 0.8 0.38 0.65 0.99 0.0
0 0.0 10.0 27.0 16.0 0.74 0.17 0.34 0.9 0.0 0.24 0.21 0.85 0.31 0.0 0.69 0.34 0.44 0.81 0.0 0.19 0.97 0.65 0.56 0.0
0 44.0 7.0 20.0 25.0 0.84 0.55 0.12 0.46 0.0 0.48 0.39 0.16 0.17 0.0 0.82 0.53 0.91 0.51 0.0 0.25 0.24 0.12 0.05 0.0
1 23.0 14.0 7.0 23.0 0.89 0.94 0.75 0.22 0.0 0.89 0.44 0.09 0.09 0.0 0.94 0.48 0.48 0.57 0.0 0.54 0.99 0.9 0.01 0.0
0 13.0 22.0 7.0 7.0 0.06 0.66 0.32 0.89 0.0 0.79 0.57 0.42 0.75 0.0 0.34 0.55 0.65 0.13 0.0 0.63 0.28 0.49 0.64 0.0
0 27.0 8.0 8.0 22.0 0.11 0.63 0.28 0.69 0.0 0.69 0.72 0.66 0.02 0.0 0.2 0.44 0.65 0.64 0.0 0.04 0.25 0.52 0.41 0.0
0 9.0 28.0 3.0 6.0 0.13 0.52 0.75 0.88 0.0 0.61 0.17 0.02 0.1 0.0 0.26 0.17 0.84 0.36 0.0 0.88 0.83 0.78 0.36 0.0
1 43.0 2.0 7.0 22.0 0.89 0.28 0.72 0.04 0.0 0.47 0.13 0.39 0.49 0.0 0.11 0.43 0.07 0.24 0.0 0.26 0.02 0.72 0.18 0.0
1 50.0 16.0 17.0 23.0 0.22 0.51 0.16 0.36 0.0 0.77 0.92 0.56 0.99 0.0 0.55 0.37 0.22 0.52 0.0 0.85 0.78 0.61 0.4 0.0
1 21.0 10.0 25.0 15.0 0.65 0.12 0.2 0.38 0.0 0.66 0.04 0.75 0.22 0.0 0.67 0.42 0.25 0.95 0.0 0.38 0.88 0.4 0.72 0.0
0 18.0 22.0 31.0 4.0 0.51 0.01 0.27 0.01 0.0 0.65 0.55 0.27 0.04 0.0 0.74 0.3 0.36 0.85 0.0 0.72 0.1 0.04 0.91 0.0
0 24.0 17.0 2.0 13.0 0.37 0.35 0.34 0.18 0.0 0.82 0.97 0.07 0.06 0.0 0.57 0.28 0.47 0.51 0.0 0.12 0.38 0.37 0.78 0.0
1 52.0 10.0 7.0 18.0 0.42 0.33 0.24 0.27 0.0 0.69 0.49 0.33 0.34 0.0 0.8 0.75 0.29 0.16 0.0 0.45 0.35 0.09 0.04 0.0
0 30.0 3.0 4.0 9.0 0.76 0.66 0.37 0.68 0.0 0.6 0.12 0.43 0.45 0.0 0.67 0.98 0.79 0.48 0.0 0.77 0.41 0.86 0.82 0.0
1 43.0 3.0 17.0 3.0 0.96 0.45 0.47 0.87 0.0 0.77 0.07 0.53 0.55 0.0 0.01 0.21 0.29 0.59 0.0 0.49 0.87 0.63 0.23 0.0
0 42.0 21.0 17.0 13.0 0.97 0.44 0.28 0.9 0.0 0.96 0.76 0.75 0.39 0.0 0.36 0.33 0.93 0.71 0.0 0.46 0.09 0.01 0.92 0.0
1 33.0 24.0 31.0 2.0 0.41 0.45 0.66 0.27 0.0 0.39 0.64 0.63 0.95 0.0 0.17 0.02 0.46 0.33 0.0 0.41 0.37 0.33 0.27 0.0
0 0.0 3.0 17.0 18.0 0.78 0.55 0.75 0.51 0.0 0.99 0.01 0.24 0.0 0.0 0.45 0.5 0.56 0.81 0.0 0.55 0.62 0.55 0.88 0.0
0 52.0 26.0 6.0 29.0 0.38 0.35 0.99 0.08 0.0 0.46 0.88 0.45 0.57 0.0 0.8 0.1 0.89 0.79 0.0 0.31 0.52 0.94 0.38 0.0
1 29.0 3.0 3.0 30.0 0.92 0.07 0.92 0.05 0.0 0.29 0.99 0.18 0.48 0.0 0.55 0.55 0.81 0.38 0.0 0.07 0.02 0.23 0.19 0.0
1 55.0 17.0 30.0 18.0 0.86 0.31 0.12 0.58 0.0 0.25 0.4 0.74 0.5 0.0 0.7 0.41 0.63 0.39 0.0 0.2 0.06 0.53 0.21 0.0
1 20.0 10.0 14.0 23.0 0.38 0.81 0.89 0.68 0.0 0.31 0.02 0.29 0.02 0.0 0.6 0.01 0.29 0.61 0.0 0.44 0.58 0.15 0.55 0.0
0 44.0 21.0 14.0 16.0 0.21 0.69 0.93 0.27 0.0 0.57 0.92 0.62 0.81 0.0 0.09 0.7 0.27 0.36 0.0 0.3 0.36 0.91 0.46 0.0
1 33.0 24.0 19.0 25.0 0.14 0.62 0.3 0.65 0.0 0.94 0.39 0.7 0.65 0.0 0.33 0.34 0.65 0.33 0.0 0.69 0.61 0.54 0.31 0.0
1 13.0 20.0 16.0 1.0 0.13 0.27 0.87 0.56 0.0 0.54 0.57 0.59 0.97 0.0 0.97 0.55 0.59 0.92 0.0 0.26 0.0 0.84 0.19 0.0
1 10.0 3.0 16.0 2.0 0.18 0.27 0.12 0.88 0.0 0.98 0.21 0.87 0.8 0.0 0.61 0.05 0.45 0.26 0.0 0.71 0.99 0.57 0.93 0.0
1 50.0 5.0 21.0 25.0 0.88 0.65 0.68 0.44 0.0 0.59 0.53 0.27 0.15 0.0 0.9 0.01 0.37 0.42 0.0 0.72 0.19 0.76 0.72 0.0
0 50.0 20.0 23.0 8.0 0.34 0.27 0.15 0.22 0.0 0.92 0.32 0.6 0.03 0.0 0.29 0.75 0.09 0.35 0.0 0.21 0.66 0.25 0.62 0.0
1 50.0 30.0 13.0 13.0 1.0 0.92 0.48 0.38 0.0 0.57 0.22 0.18 0.22 0.0 0.38 0.52 0.44 0.99 0.0 0.41 0.06 0.86 0.3 0.0
1 19.0 13.0 1.0 13.0 0.22 0.67 0.74 0.86 0.0 0.68 0.28 0.97 0.04 0.0 0.37 0.09 0.8 0.74 0.0 0.97 0.62 0.95 0.94 0.0
1 35.0 22.0 31.0 9.0 0.71 0.94 0.78 0.47 0.0 0.59 0.58 0.86 0.27 0.0 0.92 0.73 0.79 0.22 0.0 0.85 0.1 0.12 0.62 0.0
1 44.0 20.0 24.0 15.0 0.37 0.11 0.1 0.65 0.0 0.23 0.9 0.76 0.26 0.0 0.04 0.73 0.51 0.2 0.0 0.84 0.51 0.79 0.17 0.0
0 45.0 29.0 27.0 8.0 0.74 0.5 0.36 0.98 0.0 0.31 0.32 0.73 0.72 0.0 0.34 0.44 0.69 0.58 0.0 0.96 0.72 0.66 0.01 0.0
1 5.0 6.0 16.0 5.0 0.31 0.38 0.27 0.25 0.0 0.61 0.87 0.61 0.47 0.0 0.39 0.52 0.55 0.25 0.0 0.18 0.37 0.21 0.17 0.0
1 29.0 28.0 3.0 11.0 0.52 0.45 0.96 0.06 0.0 0.97 0.36 0.67 0.58 0.0 0.5 0.17 0.78 0.48 0.0 0.73 0.87 0.31 0.74 0.0
1 55.0 13.0 3.0 12.0 0.31 0.32 0.84 0.21 0.0 0.36 0.38 0.41 0.01 0.0 0.01 0.64 0.57 0.94 0.0 0.62 0.44 0.46 0.29 0.0
1 40.0 19.0 28.0 26.0 0.39 0.37 0.07 0.77 0.0 0.61 0.96 0.3 0.5 0.0 0.39 0.29 0.76 0.14 0.0 0.67 0.16 0.15 0.53 0.0
1 40.0 11.0 4.0 7.0 0.77 0.53 0.35 0.57 0.0 0.64 0.4 0.05 0.74 0.0 0.48 0.91 0.66 0.04 0.0 0.64 0.5 0.02 0.33 0.0
1 4.0 28.0 31.0 14.0 0.81 0.01 0.64 0.84 0.0 0.39 0.19 0.45 0.96 0.0 0.18 0.72 0.64 0.99 0.0 0.48 0.26 0.31 0.52 0.0
1 33.0 16.0 2.0 27.0 0.55 0.06 0.25 0.87 0.0 0.83 0.1 0.2 0.49 0.0 0.28 0.49 0.42 0.45 0.0 0.17 0.53 0.85 0.59 0.0
1 53.0 14.0 27.0 30.0 0.94 0.85 0.05 0.42 0.0 0.59 0.79 1.0 0.6 0.0 0.96 0.03 0.97 0.59 0.0 0.96 0.22 0.26 0.23 0.0
1 26.0 14.0 21.0 18.0 0.22 0.59 0.92 0.01 0.0 0.07 0.67 0.41 0.12 0.0 0.34 0.19 0.91 0.43 0.0 0.75 0.35 0.11 0.32 0.0
0 17.0 16.0 26.0 9.0 0.09 0.57 0.69 0.42 0.0 0.7 0.77 0.33 0.59 0.0 0.07 0.51 0.83 0.29 0.0 0.05 0.81 0.4 0.3 0.0
1 22.0 24.0 18.0 6.0 0.37 0.86 0.17 0.12 0.0 0.27 0.09 0.23 0.81 0.0 0.0 0.65 0.64 0.55 0.0 0.6 0.5 0.37 0.08 0.0
0 2.0 8.0 24.0 3.0 0.67 0.68 0.78 0.57 0.0 0.72 0.01 0.44 0.81 0.0 0.47 0.09 0.09 0.21 0.0 0.87 0.92 0.55 0.11 0.0
0 52.0 31.0 26.0 3.0 0.18 0.06 0.68 0.54 0.0 0.18 0.54 0.21 0.91 0.0 0.98 0.49 0.01 0.14 0.0 0.5 0.88 0.97 0.37 0.0
0 39.0 24.0 13.0 9.0 0.32 0.13 0.17 0.18 0.0 0.46 0.1 0.05 0.19 0.0 0.41 0.2 0.65 0.35 0.0 0.41 0.81 0.05 0.35 0.0
1 26.0 21.0 28.0 10.0 0.3 0.79 0.3 0.56 0.0 0.43 0.27 0.4 0.37 0.0 0.28 0.41 0.96 0.78 0.0 0.27 0.39 0.44 0.77 0.0
1 11.0 7.0 1.0 0.0 0.08 0.37 0.06 0.7 0.0 0.32 0.46 0.5 0.48 0.0 0.43 0.26 0.93 0.61 0.0 0.98 0.18 0.32 0.08 0.0
1 33.0 31.0 19.0 7.0 0.36 0.27 0.55 0.75 0.0 0.15 0.07 0.52 0.08 0.0 0.17 0.75 0.84 0.87 0.0 0.51 0.91 0.14 0.83 0.0
0 50.0 15.0 4.0 29.0 0.16 0.87 0.49 0.87 0.0 0.55 0.32 0.2 0.54 0.0 0.59 0.93 0.52 0.79 0.0 0.8 0.26 0.46 0.09 0.0
1 17.0 24.0 30.0 15.0 0.77 0.69 0.31 0.53 0.0 0.78 0.83 0.17 0.02 0.0 0.42 0.66 0.57 0.31 0.0 0.5 0.69 0.86 0.37 0.0
1 45.0 4.0 31.0 28.0 0.4 0.76 0.47 0.61 0.0 0.08 0.12 0.27 0.92 0.0 0.8 0.1 0.11 0.33 0.0 0.86 0.08 0.63 0.57 0.0
1 32.0 26.0 19.0 20.0 0.64 0.11 0.73 0.56 0.0 0.93 1.0 0.21 0.46 0.0 0.47 0.55 0.33 0.45 0.0 0.08 0.9 0.61 0.26 0.0
1 31.0 15.0 4.0 18.0 0.24 0.25 0.1 0.08 0.0 0.85 0.51 0.71 0.57 0.0 0.06 0.49 0.6 0.22 0.0 0.2 0.01 0.47 0.21 0.0
1 8.0 11.0 31.0 19.0 0.83 0.96 0.33 0.89 0.0 0.05 0.02 0.44 0.44 0.0 0.84 1.0 0.8 0.93 0.0 0.34 0.25 0.11 0.33 0.0
1 17.0 4.0 21.0 17.0 0.85 0.74 0.86 0.76 0.0 0.6 0.87 0.78 0.45 0.0 0.48 0.37 0.75 0.14 0.0 0.98 0.92 0.9 0.39 0.0
1 53.0 26.0 23.0 17.0 0.73 0.62 0.05 0.8 0.0 0.99 0.67 0.01 0.47 0.0 0.12 0.69 0.96 0.81 0.0 0.92 0.34 0.59 0.03 0.0
0 52.0 27.0 12.0 16.0 0.66 0.96 0.83 0.9 0.0 0.93 0.58 0.88 0.52 0.0 0.04 0.8 0.86 0.56 0.0 0.15 0.16 0.87 0.87 0.0
1 23.0 11.0 6.0 7.0 0.97 0.56 0.76 0.98 0.0 0.53 0.02 0.44 0.83 0.0 0.6 0.78 0.4 0.47 0.0 0.02 0.99 0.08 0.3 0.0
0 29.0 10.0 19.0 30.0 0.02 0.06 0.46 1.0 0.0 0.51 0.74 0.03 0.91 0.0 0.89 0.24 0.68 0.92 0.0 0.74 0.41 0.06 0.87 0.0
0 8.0 0.0 27.0 23.0 0.24 0.29 0.17 0.01 0.0 0.33 0.28 0.21 0.52 0.0 0.94 0.95 0.32 0.96 0.0 0.63 0.03 0.42 0.28 0.0
1 25.0 1.0 16.0 10.0 0.47 0.35 0.32 0.1 0.0 0.5 0.13 0.28 0.3 0.0 0.6 0.34 0.99 0.26 0.0 0.46 0.13 0.57 0.63 0.0
0 17.0 2.0 8.0 21.0 0.94 0.92 0.63 0.98 0.0 0.88 0.34 0.52 0.04 0.0 0.14 0.74 0.11 0.4 0.0 0.71 0.34 0.95 0.14 0.0
1 31.0 31.0 22.0 12.0 0.67 0.24 0.81 0.88 0.0 0.5 0.42 0.73 0.52 0.0 0.16 0.77 0.79 0.62 0.0 0.73 0.47 0.27 0.8 0.0
1 8.0 18.0 18.0 2.0 0.17 0.8 0.27 0.22 0.0 0.56 0.15 0.87 0.71 0.0 0.11 0.34 0.62 0.13 0.0 0.13 0.12 0.85 0.8 0.0
1 24.0 7.0 30.0 9.0 0.26 0.4 0.29 0.34 0.0 0.9 0.62 0.74 0.24 0.0 0.0 0.09 0.92 0.67 0.0 0.01 0.28 0.12 0.7 0.0
0 46.0 6.0 18.0 19.0 0.9 0.79 0.66 0.68 0.0 0.86 0.87 0.82 0.83 0.0 0.78 0.63 0.21 0.97 0.0 0.69 0.75 0.61 0.7 0.0
1 19.0 29.0 28.0 26.0 0.75 0.32 0.41 0.16 0.0 0.03 0.72 0.19 0.64 0.0 0.63 0.53 0.97 0.02 0.0 0.92 0.37 0.42 0.69 0.0
1 32.0 17.0 9.0 17.0 0.13 0.52 0.33 0.74 0.0 0.33 0.83 0.38 0.42 0.0 0.05 0.5 0.48 0.97 0.0 0.66 0.61 0.92 0.25 0.0
0 39.0 15.0 11.0 11.0 0.9 0.47 0.05 0.46 0.0 0.84 0.46 0.54 0.09 0.0 0.93 0.61 0.68 0.37 0.0 0.14 0.33 0.94 0.65 0.0
0 44.0 4.0 16.0 5.0 0.39 0.5 0.48 0.7 0.0 0.07 0.64 0.71 0.62 0.0 0.47 0.99 0.98 0.27 0.0 0.54 0.16 0.58 0.11 0.0
1 11.0 4.0 6.0 0.0 0.59 0.16 0.73 0.94 0.0 0.86 0.49 0.16 0.76 0.0 0.71 0.05 0.4 0.31 0.0 0.88 0.55 0.3 0.1 0.0
0 24.0 12.0 2.0 13.0 0.8 0.05 0.89 0.12 0.0 0.91 0.9 0.47 0.97 0.0 0.14 0.55 0.92 0.74 0.0 0.3 0.6 0.29 0.6 0.0
0 3.0 7.0 13.0 17.0 0.87 0.33 0.42 0.96 0.0 0.19 0.54 0.97 0.34 0.0 0.66 0.28 0.21 0.29 0.0 0.94 0.01 0.1 0.19 0.0
0 13.0 17.0 24.0 30.0 0.55 0.14 0.6 0.2 0.0 0.31 0.28 0.29 0.69 0.0 0.64 0.68 0.98 0.58 0.0 0.98 0.12 0.01 0.04 0.0
0 31.0 12.0 28.0 24.0 0.09 0.92 0.13 0.6 0.0 0.44 0.34 0.82 0.05 0.0 0.95 0.19 0.73 0.36 0.0 0.76 0.86 0.5 0.49 0.0
0 43.0 30.0 5.0 12.0 0.88 0.38 0.2 0.91 0.0 0.43 0.17 0.95 0.48 0.0 0.18 0.01 0.15 0.93 0.0 0.47 0.32 0.57 0.58 0.0
1 3.0 23.0 16.0 26.0 0.2 0.98 0.28 0.01 0.0 0.95 0.28 0.86 0.27 0.0 0.84 0.07 0.23 0.77 0.0 0.7 0.63 0.1 0.2 0.0
0 41.0 13.0 13.0 13.0 0.72 0.48 0.22 0.88 0.0 0.79 0.29 0.55 0.3 0.0 0.21 0.94 0.05 0.41 0.0 0.84 0.91 0.0 0.82 0.0
0 51.0 7.0 29.0 15.0 0.68 0.37 0.18 0.43 0.0 0.54 0.7 0.8 0.86 0.0 0.92 0.21 0.05 0.06 0.0 0.89 0.14 0.76 0.75 0.0
0 32.0 14.0 2.0 1.0 0.49 0.78 0.08 1.0 0.0 0.77 0.7 0.48 0.56 0.0 0.68 0.97 0.6 0.82 0.0 0.84 0.86 0.37 0.82 0.0
0 46.0 5.0 4.0 21.0 0.05 0.71 0.3 0.12 0.0 0.41 0.42 0.28 0.51 0.0 0.91 0.14 0.65 0.68 0.0 0.89 0.38 0.38 0.73 0.0
0 33.0 8.0 25.0 11.0 0.56 0.88 0.82 0.52 0.0 0.35 0.09 0.4 0.98 0.0 0.48 0.85 0.63 0.98 0.0 0.08 0.54 0.07 0.42 0.0
0 5.0 12.0 0.0 21.0 0.58 0.93 0.19 0.0 0.0 0.58 0.6 0.53 0.05 0.0 0.73 0.51 0.46 0.46 0.0 0.16 0.07 0.89 0.65 0.0
0 49.0 13.0 26.0 14.0 0.88 0.01 0.27 0.64 0.0 0.44 0.03 0.37 0.07 0.0 0.94 0.21 0.09 0.32 0.0 0.31 0.35 0.8 0.74 0.0
0 48.0 5.0 20.0 20.0 0.0 0.26 0.91 0.78 0.0 0.33 0.3 0.11 0.1 0.0 0.59 0.68 1.0 0.08 0.0 0.94 0.58 0.93 0.28 0.0
1 23.0 17.0 24.0 13.0 0.23 0.83 0.62 0.23 0.0 0.75 0.91 0.07 0.59 0.0 0.63 0.39 0.19 0.33 0.0 0.27 0.15 0.94 0.69 0.0
1 24.0 15.0 13.0 15.0 0.11 0.56 0.98 0.78 0.0 0.14 0.31 0.15 0.13 0.0 0.07 0.49 0.63 0.21 0.0 0.46 0.04 0.61 0.99 0.0
1 34.0 0.0 15.0 7.0 0.88 0.54 0.44 0.74 0.0 0.58 0.6 0.47 0.74 0.0 0.26 0.83 0.19 0.08 0.0 0.6 0.56 0.55 0.09 0.0
1 3.0 4.0 11.0 28.0 0.06 0.91 0.35 0.01 0.0 0.88 0.24 0.9 0.79 0.0 0.59 0.25 0.68 0.82 0.0 0.15 0.85 0.32 0.78 0.0
0 16.0 15.0 6.0 0.0 0.81 0.35 0.9 0.53 0.0 0.26 0.0 0.53 0.06 0.0 0.11 0.56 0.78 0.96 0.0 0.31 0.09 0.59 0.69 0.0
1 50.0 9.0 24.0 5.0 0.35 0.5 0.02 0.9 0.0 0.09 0.33 0.7 0.99 0.0 0.27 0.13 0.05 0.82 0.0 0.57 0.81 0.99 0.35 0.0
1 13.0 10.0 30.0 11.0 0.73 0.46 0.23 0.98 0.0 0.48 0.18 0.31 0.41 0.0 0.83 0.9 0.14 0.32 0.0 0.35 0.23 0.76 0.16 0.0
1 3.0 26.0 11.0 14.0 0.15 0.11 0.86 0.15 0.0 0.42 0.85 0.06 0.53 0.0 0.2 0.62 0.78 0.29 0.0 0.6 0.89 0.4 0.75 0.0
0 49.0 19.0 18.0 5.0 0.44 0.6 0.48 0.1 0.0 0.0 0.33 0.56 0.73 0.0 0.88 0.53 0.34 0.02 0.0 0.98 0.68 0.43 0.61 0.0
0 19.0 1.0 10.0 22.0 0.1 0.49 0.97 0.89 0.0 0.99 0.61 0.71 0.54 0.0 0.62 0.18 0.16 0.05 0.0 0.33 0.94 0.4 0.28 0.0
0 14.0 19.0 20.0 27.0 0.48 0.57 0.29 0.38 0.0 0.67 0.5 0.27 0.28 0.0 0.54 0.58 0.85 0.25 0.0 0.9 0.4 0.14 0.58 0.0
0 49.0 11.0 12.0 21.0 0.1 0.3 0.03 0.88 0.0 0.51 0.46 0.14 0.1 0.0 0.55 0.09 0.82 0.36 0.0 0.2 0.85 0.83 0.85 0.0
0 14.0 18.0 15.0 15.0 0.69 0.36 0.87 0.88 0.0 0.06 0.76 0.54 0.75 0.0 0.3 0.16 0.24 0.07 0.0 0.62 0.87 0.63 0.44 0.0
1 28.0 28.0 26.0 7.0 0.91 0.36 0.2 0.35 0.0 0.22 0.26 0.08 0.29 0.0 0.91 0.88 0.11 0.26 0.0 0.6 0.78 0.75 0.75 0.0
0 18.0 15.0 10.0 16.0 0.56 0.53 0.83 0.34 0.0 0.16 0.84 0.79 0.46 0.0 0.88 0.95 0.03 0.26 0.0 0.15 0.5 0.53 0.32 0.0
0 44.0 5.0 25.0 23.0 0.18 0.42 0.15 0.37 0.0 0.2 0.43 0.78 0.92 0.0 0.13 0.13 0.66 0.38 0.0 0.22 0.47 0.06 0.58 0.0
1 48.0 13.0 9.0 4.0 0.69 0.98 0.87 0.99 0.0 0.69 0.79 0.32 0.8 0.0 0.15 0.9 0.87 0.64 0.0 0.09 0.01 0.38 0.2 0.0
0 51.0 7.0 22.0 3.0 0.28 0.6 0.43 0.76 0.0 0.7 0.67 0.56 0.75 0.0 0.39 0.66 0.66 0.81 0.0 0.26 0.13 0.61 0.52 0.0
0 29.0 25.0 16.0 14.0 0.01 0.7 0.21 0.59 0.0 0.56 0.39 0.14 0.49 0.0 0.81 0.99 0.81 0.19 0.0 0.19 0.99 0.39 0.95 0.0
0 36.0 22.0 22.0 10.0 0.49 0.37 0.4 0.88 0.0 0.12 0.48 0.82 0.43 0.0 0.9 0.37 0.37 0.72 0.0 1.0 0.07 0.46 0.68 0.0
1 23.0 11.0 14.0 14.0 0.28 0.16 0.24 0.22 0.0 0.21 0.84 0.24 0.77 0.0 0.65 0.09 0.17 0.68 0.0 0.32 0.76 0.45 0.48 0.0
0 32.0 2.0 12.0 29.0 0.44 0.5 0.51 0.52 0.0 0.14 0.37 0.88 0.55 0.0 0.29 0.23 0.08 0.86 0.0 0.63 0.2 0.9 0.59 0.0
0 38.0 12.0 21.0 6.0 0.93 0.31 0.99 0.53 0.0 0.79 0.78 0.72 0.41 0.0 0.82 0.67 0.09 0.28 0.0 0.15 0.93 0.64 0.32 0.0
1 46.0 0.0 7.0 17.0 0.26 0.81 0.3 0.5 0.0 0.58 0.96 0.62 0.61 0.0 0.36 0.02 0.4 0.9 0.0 0.61 0.01 0.36 0.44 0.0
0 8.0 8.0 2.0 12.0 0.19 0.05 0.5 0.46 0.0 0.83 0.33 0.16 0.54 0.0 0.85 0.41 0.58 0.84 0.0 0.85 0.83 0.22 0.44 0.0
1 23.0 12.0 20.0 27.0 0.37 0.59 0.27 0.81 0.0 0.04 0.96 0.89 0.27 0.0 0.13 0.93 0.14 0.19 0.0 0.58 0.79 0.71 0.11 0.0
0 47.0 15.0 23.0 6.0 0.19 0.85 0.86 0.64 0.0 0.4 0.08 0.01 0.25 0.0 0.9 0.05 0.89 0.29 0.0 0.23 0.85 0.09 0.73 0.0
1 2.0 25.0 12.0 21.0 0.5 0.49 0.82 0.54 0.0 0.37 0.22 0.21 0.34 0.0 0.96 0.79 0.65 0.77 0.0 0.29 0.51 0.22 0.35 0.0
0 22.0 11.0 26.0 10.0 0.99 0.7 0.3 0.99 0.0 0.96 0.67 0.93 0.97 0.0 0.45 0.98 0.31 0.85 0.0 0.31 0.9 0.12 0.31 0.0
1 16.0 0.0 2.0 7.0 0.88 0.43 0.02 0.31 0.0 0.49 0.38 0.0 0.87 0.0 0.15 0.45 0.26 0.89 0.0 0.3 0.22 0.05 0.53 0.0
0 30.0 22.0 11.0 2.0 0.54 0.06 0.19 0.62 0.0 0.77 0.48 0.29 0.22 0.0 0.01 0.42 0.24 0.65 0.0 0.25 0.73 0.01 0.82 0.0
1 26.0 6.0 13.0 7.0 0.23 0.36 0.58 0.37 0.0 0.11 0.15 0.68 0.02 0.0 0.73 0.2 0.13 0.93 0.0 0.84 0.75 0.11 0.25 0.0
0 44.0 10.0 30.0 25.0 0.16 0.85 0.85 0.94 0.0 0.17 0.99 0.96 0.35 0.0 0.32 0.07 0.83 0.58 0.0 0.33 0.83 0.68 0.99 0.0
1 14.0 3.0 11.0 28.0 0.08 0.91 0.45 0.05 0.0 0.19 0.49 0.69 0.15 0.0 0.76 0.26 0.48 0.26 0.0 0.92 0.61 0.83 0.59 0.0
0 36.0 26.0 6.0 12.0 0.83 0.4 0.51 0.09 0.0 0.98 0.65 0.52 0.92 0.0 0.88 0.23 0.51 0.98 0.0 0.51 0.7 0.93 0.17 0.0
0 27.0 2.0 3.0 7.0 0.95 0.02 0.47 0.17 0.0 0.4 0.99 0.23 0.27 0.0 0.61 0.61 0.01 0.64 0.0 0.76 0.57 0.16 0.37 0.0
0 40.0 19.0 15.0 6.0 0.41 0.05 0.88 0.84 0.0 0.91 0.34 0.22 0.3 0.0 0.54 0.41 0.32 0.99 0.0 0.49 0.97 0.32 0.58 0.0
0 25.0 8.0 13.0 14.0 0.09 0.04 0.5 0.64 0.0 0.96 0.86 0.14 0.36 0.0 0.23 0.8 0.55 0.21 0.0 0.82 0.57 0.43 0.52 0.0
1 9.0 4.0 15.0 6.0 0.79 0.07 0.71 0.93 0.0 0.74 0.46 0.34 0.38 0.0 0.08 0.43 0.9 0.93 0.0 0.22 0.5 0.3 0.71 0.0
1 15.0 18.0 20.0 7.0 0.65 0.98 0.68 0.39 0.0 0.41 0.02 0.14 0.42 0.0 1.0 0.43 0.65 0.77 0.0 0.2 0.93 0.7 0.42 0.0
0 36.0 6.0 20.0 10.0 0.42 0.18 0.07 0.25 0.0 0.9 0.77 0.76 0.7 0.0 0.4 0.1 0.66 0.05 0.0 0.92 0.04 0.53 0.21 0.0
1 23.0 23.0 23.0 29.0 0.19 0.85 0.87 0.03 0.0 0.95 0.64 0.05 0.8 0.0 0.84 0.6 0.49 0.87 0.0 0.21 0.91 0.01 0.63 0.0
0 30.0 1.0 12.0 1.0 0.47 0.61 0.29 0.45 0.0 0.19 0.78 0.98 0.18 0.0 0.87 0.53 0.34 0.49 0.0 0.69 0.75 0.74 0.07 0.0
0 45.0 16.0 15.0 8.0 0.73 0.98 0.64 0.89 0.0 0.62 0.56 0.44 0.35 0.0 0.21 0.3 0.37 0.53 0.0 0.8 0.42 0.45 0.88 0.0
1 11.0 17.0 11.0 1.0 0.01 0.17 0.09 0.32 0.0 0.18 0.6 0.69 0.99 0.0 0.73 0.92 0.43 0.27 0.0 0.22 0.7 0.62 0.02 0.0
0 54.0 8.0 14.0 5.0 0.3 0.99 0.28 0.96 0.0 0.85 0.47 0.29 0.19 0.0 0.06 0.15 0.56 0.27 0.0 0.22 0.46 0.45 0.36 0.0
0 40.0 4.0 29.0 19.0 0.2 0.41 0.61 0.36 0.0 0.92 0.32 0.04 0.01 0.0 0.34 0.13 0.43 0.45 0.0 0.95 0.03 0.29 0.36 0.0
1 32.0 25.0 13.0 1.0 0.72 0.75 0.62 0.35 0.0 0.84 0.31 0.57 0.74 0.0 0.24 0.38 0.67 0.59 0.0 0.76 0.14 0.4 0.53 0.0
0 16.0 15.0 16.0 29.0 0.21 0.42 0.94 0.5 0.0 0.79 0.77 0.59 0.49 0.0 0.22 0.28 0.71 0.5 0.0 0.04 0.66 0.03 0.76 0.0
1 33.0 14.0 18.0 19.0 0.77 0.37 0.44 0.44 0.0 0.28 0.69 0.82 0.51 0.0 0.37 0.92 0.32 0.07 0.0 0.96 0.46 0.48 0.3 0.0
0 28.0 21.0 15.0 29.0 0.98 0.99 0.84 0.74 0.0 0.03 0.56 0.79 0.04 0.0 0.52 0.35 0.04 0.12 0.0 0.17 1.0 0.97 0.88 0.0
0 38.0 8.0 7.0 28.0 0.09 0.5 0.64 0.35 0.0 0.59 0.9 0.57 0.06 0.0 0.35 0.69 0.59 0.46 0.0 0.21 0.84 0.6 0.91 0.0
0 43.0 12.0 12.0 12.0 0.37 0.52 0.91 0.08 0.0 0.39 0.67 0.72 0.37 0.0 0.11 0.68 0.49 0.22 0.0 0.49 0.67 0.09 0.83 0.0
0 54.0 6.0 18.0 9.0 0.6 0.33 0.4 0.42 0.0 0.66 0.5 0.15 0.39 0.0 0.45 0.03 0.5 0.97 0.0 0.88 0.47 0.71 0.64 0.0
0 30.0 0.0 17.0 1.0 0.09 0.33 0.57 0.68 0.0 0.59 0.53 0.88 0.5 0.0 0.52 0.4 0.48 0.06 0.0 0.6 0.94 0.17 0.48 0.0
0 45.0 2.0 14.0 27.0 0.55 0.41 0.08 0.62 0.0 0.86 0.28 0.77 0.14 0.0 0.75 0.75 0.19 0.96 0.0 0.39 0.17 0.52 0.82 0.0
1 9.0 29.0 26.0 10.0 0.35 0.48 0.04 0.33 0.0 0.53 0.14 0.17 0.77 0.0 0.35 0.15 0.24 0.6 0.0 0.13 0.62 0.29 0.59 0.0
0 38.0 8.0 4.0 16.0 0.13 0.03 0.88 0.37 0.0 0.92 0.9 0.29 0.17 0.0 0.94 0.38 0.72 0.85 0.0 0.16 0.57 0.57 0.29 0.0
1 23.0 2.0 25.0 27.0 0.91 0.14 0.02 0.84 0.0 0.1 0.86 0.04 0.34 0.0 0.81 0.32 0.34 0.78 0.0 0.67 0.44 0.74 0.35 0.0
0 26.0 8.0 30.0 28.0 0.12 0.5 0.95 0.14 0.0 0.21 0.18 0.1 0.44 0.0 0.9 0.06 0.75 0.01 0.0 0.08 0.62 0.28 0.06 0.0
0 50.0 8.0 2.0 19.0 0.67 0.48 0.46 0.15 0.0 0.55 0.08 0.76 0.15 0.0 0.76 0.23 0.83 0.44 0.0 0.93 0.7 0.77 0.12 0.0
0 51.0 9.0 1.0 30.0 0.53 0.83 0.66 0.3 0.0 0.09 0.4 0.3 0.34 0.0 0.05 0.28 0.28 0.99 0.0 0.92 0.0 0.44 0.97 0.0
0 45.0 2.0 5.0 0.0 0.45 0.71 0.02 0.39 0.0 0.93 0.93 0.26 0.42 0.0 0.03 0.66 0.57 0.68 0.0 0.77 0.57 0.65 0.86 0.0
1 26.0 7.0 25.0 9.0 0.97 0.99 0.86 0.98 0.0 0.8 0.24 0.53 0.27 0.0 0.89 0.64 0.66 0.47 0.0 0.29 0.56 0.84 0.99 0.0
0 24.0 26.0 6.0 16.0 0.88 0.54 0.47 0.13 0.0 0.71 0.5 0.01 1.0 0.0 0.77 0.33 0.97 0.7 0.0 0.2 0.09 0.29 0.7 0.0
0 20.0 0.0 19.0 12.0 0.94 0.34 0.42 0.32 0.0 0.7 0.39 0.48 0.92 0.0 0.93 0.93 0.29 0.6 0.0 0.72 0.87 0.11 0.63 0.0
0 3.0 18.0 6.0 27.0 0.72 0.76 0.67 0.26 0.0 0.89 0.3 0.02 0.87 0.0 0.75 0.38 0.85 0.15 0.0 0.75 0.36 0.63 0.3 0.0
0 16.0 21.0 29.0 30.0 0.5 0.43 0.8 0.7 0.0 0.83 0.98 0.91 0.55 0.0 0.49 0.31 0.24 0.56 0.0 0.28 0.67 0.77 0.89 0.0
0 33.0 14.0 25.0 6.0 0.09 0.15 0.22 0.95 0.0 0.89 0.91 0.24 0.6 0.0 0.53 0.64 0.6 0.21 0.0 0.99 0.83 0.09 0.99 0.0
1 25.0 23.0 25.0 10.0 0.48 0.75 0.43 0.23 0.0 0.65 0.86 0.78 0.28 0.0 0.34 0.04 0.63 0.44 0.0 0.34 0.35 0.84 0.16 0.0
1 11.0 3.0 23.0 1.0 0.64 0.14 0.12 0.44 0.0 0.11 0.87 0.59 0.75 0.0 0.54 0.48 0.8 0.62 0.0 0.24 0.25 0.46 0.67 0.0
0 4.0 11.0 10.0 1.0 0.92 0.47 1.0 0.32 0.0 0.47 0.46 0.33 0.59 0.0 0.63 0.35 0.88 0.26 0.0 0.73 0.65 0.5 0.62 0.0
0 25.0 19.0 9.0 9.0 0.85 0.96 0.34 0.71 0.0 0.56 0.9 1.0 0.57 0.0 0.25 0.0 0.92 0.21 0.0 0.23 0.8 0.57 0.88 0.0
0 11.0 14.0 11.0 13.0 0.83 0.3 0.74 0.34 0.0 0.06 0.82 0.13 0.51 0.0 0.93 0.15 0.66 0.34 0.0 0.52 0.77 0.94 0.85 0.0
0 42.0 23.0 29.0 19.0 0.89 0.34 0.12 0.35 0.0 0.3 0.58 0.48 0.49 0.0 0.49 0.99 0.95 0.77 0.0 0.77 0.12 0.95 0.13 0.0
1 12.0 23.0 24.0 19.0 0.8 0.33 0.02 0.55 0.0 0.29 0.37 0.75 0.76 0.0 0.34 0.33 0.78 0.54 0.0 0.38 0.7 0.12 0.52 0.0
0 14.0 20.0 17.0 4.0 0.1 0.92 0.12 0.67 0.0 0.6 0.3 0.01 0.68 0.0 0.74 0.05 0.0 0.16 0.0 0.91 0.66 0.25 0.85 0.0
0 39.0 5.0 17.0 19.0 0.57 0.95 0.68 0.36 0.0 0.18 0.37 0.35 0.26 0.0 0.74 0.01 0.22 0.08 0.0 0.14 0.79 0.75 0.64 0.0
0 39.0 18.0 16.0 7.0 0.95 0.35 0.09 0.8 0.0 0.84 0.23 0.67 0.71 0.0 0.74 0.73 0.99 0.32 0.0 0.13 0.06 0.63 0.01 0.0
0 6.0 15.0 25.0 0.0 0.79 0.77 0.85 0.58 0.0 0.07 0.03 0.27 0.88 0.0 0.58 0.71 0.41 0.96 0.0 0.13 0.07 0.51 0.32 0.0
0 8.0 26.0 4.0 19.0 0.02 0.29 0.07 0.02 0.0 0.63 0.1 0.56 0.19 0.0 0.45 0.91 0.42 0.76 0.0 0.14 0.6 0.32 0.73 0.0
0 6.0 2.0 29.0 7.0 0.55 0.52 0.42 0.57 0.0 0.04 0.32 0.44 0.4 0.0 0.14 0.9 1.0 0.5 0.0 0.99 0.5 0.63 0.18 0.0
0 30.0 25.0 10.0 1.0 0.09 0.57 0.32 0.18 0.0 0.29 0.61 0.9 0.65 0.0 0.72 0.5 0.26 0.63 0.0 0.37 0.2 0.11 0.84 0.0
1 43.0 26.0 18.0 9.0 0.84 0.91 0.8 0.67 0.0 0.65 0.2 0.27 0.93 0.0 0.46 0.07 0.93 0.66 0.0 0.82 0.79 0.83 0.99 0.0
0 54.0 14.0 9.0 1.0 0.95 0.04 0.08 0.09 0.0 0.78 0.75 0.9 0.84 0.0 0.51 0.64 0.72 0.9 0.0 0.2 0.73 0.48 0.57 0.0
0 20.0 25.0 25.0 29.0 0.67 0.63 0.47 0.27 0.0 0.89 0.9 0.1 0.87 0.0 0.41 0.16 0.2 0.74 0.0 0.93 0.18 0.69 0.17 0.0
0 44.0 14.0 25.0 18.0 0.2 0.36 0.25 0.75 0.0 0.75 0.48 0.54 0.87 0.0 0.67 0.69 0.87 0.58 0.0 0.29 0.77 0.57 0.71 0.0
0 26.0 11.0 16.0 0.0 0.39 0.52 0.21 0.45 0.0 0.9 0.73 0.03 0.89 0.0 0.23 0.7 0.98 0.54 0.0 0.86 0.34 0.42 0.61 0.0
1 24.0 1.0 28.0 11.0 0.8 0.51 0.73 0.47 0.0 0.75 0.53 0.87 0.68 0.0 0.27 0.62 0.13 0.75 0.0 0.63 0.66 0.74 0.06 0.0
0 41.0 16.0 3.0 25.0 0.35 0.32 0.62 0.23 0.0 0.06 0.39 0.24 0.02 0.0 0.63 0.82 0.83 0.56 0.0 0.93 0.42 0.03 0.65 0.0
1 9.0 19.0 14.0 25.0 0.71 0.61 0.59 0.42 0.0 0.12 0.64 0.7 0.14 0.0 0.94 0.92 0.63 0.6 0.0 0.48 0.51 0.09 0.73 0.0
1 1.0 12.0 26.0 3.0 0.33 0.28 0.81 0.73 0.0 0.88 0.3 0.03 0.24 0.0 0.44 0.27 0.99 0.53 0.0 0.67 0.61 0.09 0.43 0.0
0 26.0 9.0 26.0 26.0 0.69 0.39 0.97 0.66 0.0 0.51 0.09 0.45 0.96 0.0 0.55 0.77 0.33 0.62 0.0 0.4 0.05 0.34 0.43 0.0
0 9.0 28.0 20.0 13.0 0.38 0.6 0.54 0.49 0.0 0.23 0.98 0.12 0.73 0.0 0.5 0.72 0.53 0.59 0.0 0.38 0.84 0.15 0.28 0.0
1 34.0 13.0 9.0 4.0 0.67 0.51 0.49 0.11 0.0 0.09 0.57 0.33 0.82 0.0 0.99 0.62 0.53 0.02 0.0 0.19 0.49 0.61 0.81 0.0
0 44.0 22.0 3.0 9.0 0.59 0.58 0.19 0.77 0.0 0.38 0.24 0.66 0.87 0.0 0.7 0.09 0.41 0.23 0.0 0.14 0.67 0.68 0.84 0.0
1 28.0 3.0 12.0 17.0 0.57 0.15 0.33 0.47 0.0 0.15 0.21 0.05 0.24 0.0 0.54 0.12 0.17 0.97 0.0 0.06 0.99 0.55 0.02 0.0
0 2.0 4.0 0.0 10.0 0.2 0.91 0.58 0.77 0.0 0.36 0.0 0.4 0.39 0.0 0.89 0.46 0.62 0.47 0.0 0.11 0.46 0.29 0.47 0.0
0 31.0 25.0 29.0 17.0 0.73 0.21 0.3 0.96 0.0 0.74 0.49 0.13 0.11 0.0 0.27 0.99 0.44 0.77 0.0 0.07 0.48 0.69 0.93 0.0
0 37.0 25.0 24.0 28.0 0.87 0.54 0.29 0.8 0.0 0.23 0.31 0.64 0.5 0.0 0.48 0.47 0.18 0.26 0.0 0.88 0.81 0.08 0.18 0.0
0 44.0 1.0 12.0 29.0 0.61 0.4 0.34 0.08 0.0 0.92 0.68 0.58 0.39 0.0 0.25 0.84 0.04 0.33 0.0 0.73 0.42 0.75 0.86 0.0
0 13.0 4.0 8.0 28.0 0.36 0.31 0.84 0.73 0.0 0.33 0.59 0.73 0.26 0.0 0.55 0.12 0.03 0.43 0.0 0.32 0.36 0.3 0.73 0.0
1 35.0 18.0 10.0 20.0 0.64 0.12 0.13 0.23 0.0 0.96 0.09 0.81 0.86 0.0 0.75 0.01 0.01 0.59 0.0 0.57 0.78 0.74 0.89 0.0
0 52.0 11.0 21.0 6.0 0.71 0.01 0.74 0.67 0.0 0.22 0.61 0.32 0.72 0.0 0.64 0.3 0.49 0.83 0.0 0.28 0.75 0.15 0.75 0.0
0 54.0 21.0 7.0 25.0 0.28 0.35 0.73 0.43 0.0 0.69 0.62 0.66 0.07 0.0 0.32 0.19 0.56 0.57 0.0 0.03 0.53 0.62 0.32 0.0
0 28.0 29.0 28.0 22.0 0.48 0.52 0.94 0.06 0.0 0.18 0.64 0.26 0.8 0.0 0.28 0.95 0.91 0.01 0.0 0.0 0.58 0.95 0.34 0.0
1 8.0 15.0 20.0 1.0 0.94 0.58 0.35 0.43 0.0 0.53 0.3 0.34 0.9 0.0 0.31 0.19 0.99 0.89 0.0 0.17 0.3 0.36 0.7 0.0
0 8.0 27.0 10.0 29.0 0.89 0.73 0.99 0.82 0.0 0.22 0.5 0.42 0.43 0.0 0.44 0.45 0.68 0.91 0.0 0.03 0.39 0.67 0.6 0.0
0 51.0 28.0 22.0 2.0 0.28 0.94 0.14 0.32 0.0 0.64 0.51 0.87 0.33 0.0 0.58 0.3 0.71 0.37 0.0 0.36 0.47 0.15 0.54 0.0
0 26.0 22.0 16.0 21.0 0.13 0.49 0.75 0.56 0.0 0.39 0.9 0.27 0.75 0.0 0.85 0.76 0.54 0.33 0.0 0.53 0.19 0.6 0.73 0.0
0 5.0 23.0 1.0 7.0 0.2 0.24 0.41 0.72 0.0 0.14 0.6 0.71 0.41 0.0 0.96 0.49 0.48 0.97 0.0 0.55 0.58 0.97 0.3 0.0
1 36.0 25.0 6.0 19.0 0.53 0.57 0.28 0.53 0.0 0.95 0.5 0.84 0.97 0.0 0.12 0.36 0.99 0.23 0.0 0.59 0.36 0.55 0.55 0.0
0 19.0 4.0 21.0 19.0 0.28 0.35 0.43 0.43 0.0 0.05 0.21 0.07 0.2 0.0 0.81 0.78 0.23 0.92 0.0 0.75 0.48 0.79 0.85 0.0
0 12.0 15.0 10.0 7.0 0.24 0.84 0.83 0.17 0.0 0.23 0.17 0.89 0.83 0.0 0.92 0.64 0.3 0.98 0.0 0.03 0.16 0.65 0.73 0.0
1 15.0 14.0 21.0 16.0 0.34 0.63 0.71 0.29 0.0 0.55 0.65 0.12 0.11 0.0 0.29 0.54 0.3 0.5 0.0 0.57 0.58 0.36 0.11 0.0
0 9.0 30.0 3.0 22.0 0.16 0.44 0.14 0.12 0.0 0.51 0.04 0.45 0.85 0.0 0.79 0.25 0.66 0.11 0.0 0.42 0.74 0.06 0.07 0.0
1 37.0 4.0 30.0 12.0 0.16 0.31 0.12 0.27 0.0 0.69 0.5 0.34 0.98 0.0 0.79 0.6 0.95 0.08 0.0 0.06 0.83 0.91 0.05 0.0
1 49.0 16.0 0.0 26.0 0.24 0.6 0.3 0.34 0.0 0.4 0.17 0.39 0.27 0.0 0.7 0.3 0.73 0.42 0.0 0.14 0.05 0.44 0.3 0.0
1 3.0 19.0 19.0 2.0 0.65 0.35 0.61 0.37 0.0 0.76 0.17 0.32 0.33 0.0 0.75 0.31 0.32 0.4 0.0 0.46 0.16 0.34 0.38 0.0
0 48.0 17.0 4.0 27.0 0.63 0.12 0.66 0.61 0.0 0.08 0.3 0.4 0.29 0.0 0.67 0.53 0.33 0.45 0.0 0.84 0.9 0.37 0.98 0.0
0 30.0 21.0 30.0 23.0 0.93 0.02 0.6 0.46 0.0 0.48 0.44 0.81 0.02 0.0 0.7 0.83 0.69 0.1 0.0 0.2 0.22 0.21 0.92 0.0
0 11.0 16.0 15.0 17.0 0.52 0.03 0.76 0.08 0.0 0.24 0.89 0.43 0.72 0.0 0.7 0.57 0.09 0.77 0.0 0.48 0.07 0.17 0.17 0.0
0 47.0 15.0 30.0 15.0 0.63 0.13 0.18 0.91 0.0 0.89 0.05 0.46 0.25 0.0 0.6 0.72 0.06 0.44 0.0 0.35 0.23 0.73 0.83 0.0
0 46.0 22.0 13.0 11.0 0.19 0.17 0.94 0.38 0.0 0.68 0.41 0.16 0.63 0.0 0.18 0.5 0.43 0.46 0.0 0.17 0.04 0.02 0.25 0.0
0 38.0 12.0 8.0 21.0 0.1 0.99 0.47 0.72 0.0 0.42 0.28 0.21 0.25 0.0 0.52 0.56 0.85 0.7 0.0 0.52 0.8 0.43 0.08 0.0
0 10.0 24.0 4.0 10.0 0.72 0.38 0.53 0.64 0.0 0.53 0.31 0.94 0.76 0.0 0.51 0.2 0.89 0.68 0.0 0.75 0.86 0.92 0.59 0.0
0 10.0 5.0 25.0 27.0 0.07 0.67 0.89 0.03 0.0 0.28 0.41 0.81 0.6 0.0 0.93 0.95 0.24 0.16 0.0 0.46 0.49 0.95 0.14 0.0
1 13.0 3.0 1.0 14.0 0.39 0.5 0.44 0.78 0.0 0.29 0.94 0.78 0.51 0.0 0.21 0.62 0.18 0.08 0.0 0.88 0.75 0.22 0.19 0.0
0 30.0 26.0 15.0 13.0 0.56 0.44 1.0 0.65 0.0 0.58 0.42 0.34 0.56 0.0 0.22 0.59 0.27 0.76 0.0 0.73 0.63 0.02 0.67 0.0
1 3.0 2.0 13.0 13.0 0.4 0.83 0.7 0.83 0.0 0.53 0.68 0.35 0.01 0.0 0.68 0.51 0.39 0.71 0.0 0.37 0.51 0.25 0.95 0.0
0 7.0 8.0 3.0 16.0 0.94 0.04 0.7 0.35 0.0 0.31 0.07 0.3 0.99 0.0 0.85 0.77 0.3 0.36 0.0 0.5 0.54 0.34 0.63 0.0
1 54.0 16.0 28.0 7.0 0.17 0.47 0.95 0.29 0.0 0.07 0.28 0.86 0.61 0.0 0.83 0.17 0.57 0.38 0.0 0.98 0.51 0.81 0.14 0.0
1 53.0 3.0 18.0 4.0 0.58 0.23 0.59 0.87 0.0 0.16 0.7 0.13 0.26 0.0 0.77 0.55 0.79 0.9 0.0 0.09 0.23 0.69 0.19 0.0
0 0.0 14.0 22.0 24.0 0.09 0.79 0.45 0.55 0.0 0.12 0.65 0.04 0.22 0.0 0.73 0.38 0.5 0.45 0.0 0.93 0.79 0.88 0.59 0.0
1 27.0 25.0 20.0 28.0 0.49 0.28 0.62 0.11 0.0 0.87 0.53 0.95 0.58 0.0 0.9 0.22 0.08 0.56 0.0 0.05 0.48 0.73 0.83 0.0
1 47.0 30.0 6.0 24.0 0.16 0.27 0.75 0.03 0.0 0.93 0.42 0.62 0.73 0.0 0.53 0.23 0.1 0.09 0.0 0.88 0.75 0.94 0.12 0.0
1 2.0 3.0 28.0 14.0 0.87 0.12 0.4 0.08 0.0 0.33 0.2 0.46 0.91 0.0 0.94 0.68 0.33 0.83 0.0 0.81 0.58 0.91 0.3 0.0
0 14.0 5.0 1.0 24.0 0.4 0.1 0.47 0.76 0.0 0.58 0.23 0.78 0.33 0.0 0.87 0.63 0.16 0.73 0.0 0.55 0.7 0.87 0.12 0.0
0 45.0 25.0 22.0 1.0 0.19 0.19 0.82 0.2 0.0 0.51 0.4 0.79 0.27 0.0 0.77 0.83 0.44 0.91 0.0 0.66 0.48 0.06 0.55 0.0
0 47.0 22.0 25.0 2.0 0.49 0.72 0.95 0.63 0.0 0.54 0.86 0.95 0.82 0.0 0.01 0.33 0.79 0.93 0.0 0.92 0.67 0.28 0.84 0.0
1 17.0 16.0 28.0 3.0 0.12 0.98 0.83 0.49 0.0 0.28 0.55 0.81 0.95 0.0 0.17 0.16 0.8 0.91 0.0 0.7 0.76 0.19 0.79 0.0
0 38.0 19.0 0.0 21.0 0.91 0.51 0.49 0.14 0.0 0.81 0.69 0.11 0.4 0.0 0.74 0.15 0.5 0.47 0.0 0.14 0.82 0.02 0.75 0.0
0 30.0 5.0 12.0 5.0 0.17 0.48 0.21 0.3 0.0 0.42 0.88 0.16 0.85 0.0 0.16 0.34 0.36 0.78 0.0 0.65 0.68 0.01 0.15 0.0
0 14.0 30.0 30.0 0.0 0.8 0.95 0.88 0.05 0.0 0.22 0.31 0.92 0.67 0.0 0.32 0.15 0.77 0.53 0.0 1.0 0.23 0.26 0.35 0.0
0 40.0 30.0 17.0 27.0 0.16 0.43 0.77 0.81 0.0 0.64 0.4 0.04 0.34 0.0 0.05 0.46 0.3 0.67 0.0 0.24 0.3 0.75 0.6 0.0
0 15.0 7.0 22.0 16.0 0.2 0.83 0.11 0.81 0.0 0.71 0.68 0.39 0.98 0.0 0.23 0.73 0.49 0.25 0.0 0.32 0.21 0.77 0.47 0.0
0 0.0 7.0 16.0 29.0 0.32 0.14 0.62 0.16 0.0 0.34 0.33 0.13 0.72 0.0 0.23 0.17 0.77 0.31 0.0 0.81 0.23 0.48 0.53 0.0
0 31.0 25.0 1.0 24.0 0.47 0.73 0.57 0.5 0.0 0.88 0.57 0.48 0.06 0.0 0.54 0.3 0.65 0.37 0.0 0.31 0.04 0.98 0.61 0.0
1 10.0 13.0 30.0 17.0 0.16 0.02 0.31 0.24 0.0 0.29 0.31 0.36 0.84 0.0 0.43 0.29 0.6 0.41 0.0 0.63 0.73 0.28 0.61 0.0
0 30.0 24.0 12.0 1.0 0.46 0.22 0.48 0.16 0.0 0.92 0.44 0.11 0.25 0.0 0.95 0.5 0.55 0.12 0.0 0.15 0.95 0.58 0.31 0.0
0 13.0 20.0 26.0 19.0 0.92 0.52 0.69 0.07 0.0 0.33 0.09 0.76 0.31 0.0 0.24 0.42 0.64 0.44 0.0 0.33 0.15 0.3 0.83 0.0
0 24.0 17.0 29.0 19.0 0.23 0.57 0.57 0.36 0.0 0.24 0.45 0.3 0.87 0.0 0.01 0.04 0.75 0.26 0.0 0.62 0.37 0.28 0.64 0.0
0 23.0 5.0 14.0 25.0 0.31 0.19 0.7 0.38 0.0 0.98 0.11 0.72 0.77 0.0 0.11 0.62 0.18 0.56 0.0 0.37 0.6 0.69 0.42 0.0
0 46.0 22.0 22.0 20.0 0.84 0.5 0.45 0.07 0.0 0.39 0.56 0.16 0.76 0.0 0.77 0.81 0.7 0.53 0.0 0.54 0.59 0.37 0.51 0.0
0 18.0 30.0 28.0 25.0 0.15 0.98 0.69 0.53 0.0 0.11 0.74 0.3 0.76 0.0 0.47 0.33 0.33 0.29 0.0 0.92 0.94 0.61 0.91 0.0
0 25.0 13.0 26.0 13.0 0.3 0.39 0.79 0.5 0.0 0.23 0.28 0.43 0.61 0.0 0.11 0.5 0.29 0.58 0.0 0.53 0.83 0.3 0.34 0.0
1 53.0 6.0 14.0 17.0 0.35 0.04 0.9 0.07 0.0 0.05 0.79 0.74 0.34 0.0 0.27 0.1 0.66 0.63 0.0 0.35 0.52 0.5 0.43 0.0
0 14.0 13.0 7.0 30.0 0.46 0.67 0.04 0.99 0.0 0.66 0.75 0.95 0.77 0.0 0.8 0.05 0.8 0.26 0.0 0.62 0.69 0.28 0.08 0.0
0 27.0 15.0 26.0 24.0 0.44 0.39 0.52 0.1 0.0 0.1 0.19 0.44 0.92 0.0 0.04 0.18 0.17 0.86 0.0 0.59 0.93 0.41 0.57 0.0
1 13.0 23.0 7.0 1.0 0.47 0.25 0.12 0.21 0.0 0.92 0.41 0.79 0.38 0.0 0.72 0.1 0.53 0.76 0.0 0.66 0.85 0.69 0.83 0.0
1 24.0 19.0 4.0 2.0 0.71 0.93 0.54 0.8 0.0 0.1 0.89 0.61 0.46 0.0 0.68 0.02 0.11 0.94 0.0 0.36 0.64 0.54 0.05 0.0
0 40.0 29.0 15.0 15.0 0.85 0.22 0.71 0.92 0.0 0.29 0.33 0.33 0.65 0.0 0.59 0.46 0.14 0.88 0.0 0.82 0.69 0.92 0.43 0.0
0 2.0 27.0 9.0 3.0 0.19 0.74 0.74 0.53 0.0 0.42 0.02 0.22 0.27 0.0 0.85 0.13 0.82 0.88 0.0 0.39 0.98 0.28 0.47 0.0
0 0.0 2.0 11.0 19.0 0.63 0.1 0.0 0.92 0.0 0.42 0.81 0.1 0.3 0.0 0.72 0.75 0.36 0.7 0.0 0.73 0.32 0.61 0.69 0.0
0 12.0 27.0 7.0 28.0 0.4 0.67 0.42 0.34 0.0 0.31 0.85 0.9 0.95 0.0 0.51 0.51 0.64 0.76 0.0 0.23 0.15 0.47 0.39 0.0
0 20.0 8.0 11.0 25.0 0.41 0.66 0.31 0.36 0.0 0.64 0.55 0.26 0.24 0.0 0.66 0.48 0.73 0.12 0.0 0.6 0.57 0.29 0.27 0.0
0 35.0 6.0 26.0 2.0 0.01 0.34 0.16 0.5 0.0 0.85 0.69 0.55 0.32 0.0 0.08 0.26 0.61 0.95 0.0 0.11 0.65 0.19 0.92 0.0
0 26.0 30.0 22.0 19.0 0.8 0.35 0.83 0.78 0.0 1.0 0.32 0.94 0.56 0.0 0.92 0.88 0.72 0.32 0.0 0.62 0.73 0.51 0.92 0.0
0 44.0 13.0 3.0 30.0 0.81 0.96 0.69 0.65 0.0 0.05 0.76 0.14 0.03 0.0 0.1 0.81 0.53 0.27 0.0 0.9 0.73 0.19 0.33 0.0
1 37.0 7.0 14.0 2.0 0.44 0.52 0.74 0.67 0.0 0.59 0.5 0.1 0.13 0.0 0.1 0.51 0.34 0.77 0.0 0.9 0.51 0.11 0.81 0.0
1 4.0 28.0 15.0 24.0 0.93 0.06 0.47 0.61 0.0 0.34 0.93 0.91 0.34 0.0 0.72 0.2 0.16 0.51 0.0 0.3 0.35 0.45 0.64 0.0
0 21.0 4.0 1.0 12.0 0.34 0.75 0.11 0.66 0.0 0.21 0.26 0.28 0.34 0.0 0.23 0.45 0.4 0.47 0.0 0.24 0.05 0.59 0.49 0.0
1 23.0 7.0 30.0 3.0 0.35 0.5 0.68 0.07 0.0 0.11 0.81 0.97 0.07 0.0 0.44 0.11 0.44 0.1 0.0 0.52 0.84 0.99 0.42 0.0
1 1.0 23.0 21.0 25.0 0.87 0.07 0.32 0.63 0.0 0.14 0.47 0.15 0.87 0.0 0.87 0.72 0.79 0.69 0.0 0.48 0.67 0.52 0.31 0.0
1 12.0 23.0 5.0 5.0 0.86 0.14 0.33 0.03 0.0 0.76 0.59 0.09 0.14 0.0 0.6 0.75 0.92 0.32 0.0 0.3 0.99 1.0 0.93 0.0
0 46.0 24.0 21.0 23.0 0.31 0.36 0.93 0.13 0.0 0.18 0.94 0.5 0.22 0.0 0.05 0.61 0.01 0.52 0.0 0.17 0.78 0.34 0.2 0.0
0 24.0 20.0 7.0 8.0 0.51 0.94 0.22 0.86 0.0 0.31 0.16 0.6 0.09 0.0 0.32 0.43 0.66 0.32 0.0 0.02 0.43 0.86 0.4 0.0
0 31.0 0.0 19.0 26.0 0.64 0.88 0.61 0.81 0.0 0.19 0.03 0.29 0.41 0.0 0.58 0.45 0.84 0.87 0.0 0.24 0.21 0.27 0.23 0.0
0 42.0 20.0 20.0 2.0 0.47 0.57 0.62 0.62 0.0 0.2 0.07 0.77 0.21 0.0 0.01 0.31 0.97 0.58 0.0 0.48 0.34 0.41 0.85 0.0
0 0.0 21.0 8.0 8.0 0.69 0.31 0.12 0.28 0.0 0.94 0.16 0.05 0.92 0.0 0.21 0.99 0.21 0.5 0.0 0.8 0.23 0.68 0.42 0.0
0 52.0 25.0 29.0 13.0 0.25 0.18 0.36 0.81 0.0 0.1 0.95 0.1 0.53 0.0 0.74 0.33 0.48 0.1 0.0 0.55 0.65 0.05 0.65 0.0
1 3.0 25.0 24.0 3.0 0.46 0.51 0.88 0.78 0.0 0.3 0.41 0.72 0.38 0.0 0.91 0.64 0.45 0.47 0.0 0.6 0.88 0.71 0.74 0.0
1 45.0 7.0 19.0 23.0 0.53 0.02 0.08 0.62 0.0 0.81 0.15 0.73 0.03 0.0 0.11 0.46 0.6 0.7 0.0 0.15 0.33 0.01 0.12 0.0
0 32.0 19.0 24.0 24.0 0.71 0.47 0.42 0.28 0.0 0.57 0.36 0.76 0.4 0.0 0.48 0.52 0.34 0.33 0.0 0.63 0.25 0.77 0.63 0.0
0 29.0 24.0 6.0 7.0 0.99 0.05 0.86 0.54 0.0 0.36 0.73 0.41 0.16 0.0 0.1 0.34 0.01 0.05 0.0 0.95 0.29 0.11 0.1 0.0
0 52.0 1.0 18.0 29.0 0.94 0.91 0.38 0.37 0.0 0.8 0.71 0.88 0.85 0.0 0.71 0.8 0.71 0.22 0.0 0.47 0.02 0.45 0.87 0.0
0 48.0 9.0 15.0 10.0 0.48 0.04 0.72 0.8 0.0 0.32 0.05 0.98 0.98 0.0 0.34 0.95 0.22 0.98 0.0 0.93 0.71 0.05 0.78 0.0
0 10.0 27.0 10.0 26.0 0.12 0.8 0.46 0.13 0.0 0.71 0.16 0.36 0.64 0.0 0.16 0.69 0.87 0.16 0.0 0.22 0.88 0.19 0.0 0.0
1 17.0 1.0 1.0 12.0 0.48 0.91 0.7 0.1 0.0 0.28 0.33 0.01 0.63 0.0 0.7 0.03 0.64 0.38 0.0 0.02 0.74 0.78 0.66 0.0
1 9.0 28.0 27.0 1.0 0.87 0.87 0.87 0.51 0.0 0.53 0.72 0.31 0.0 0.0 0.35 0.12 0.29 0.87 0.0 0.09 0.32 0.41 0.52 0.0
0 17.0 29.0 10.0 7.0 0.51 0.73 0.78 0.53 0.0 0.69 0.93 0.8 0.57 0.0 0.73 0.93 0.76 1.0 0.0 0.86 0.76 0.07 1.0 0.0
0 25.0 19.0 10.0 21.0 0.29 0.4 0.77 0.59 0.0 0.84 0.57 0.08 0.26 0.0 0.74 0.04 0.18 0.1 0.0 0.49 0.41 0.7 0.91 0.0
0 44.0 18.0 18.0 27.0 0.61 0.6 0.9 0.22 0.0 0.84 0.1 0.1 0.71 0.0 0.72 0.79 0.06 0.54 0.0 0.7 0.39 0.47 0.16 0.0
0 29.0 14.0 3.0 30.0 0.3 0.48 0.92 0.8 0.0 0.96 0.95 0.28 0.3 0.0 0.22 0.6 0.49 0.61 0.0 0.17 0.33 0.34 0.39 0.0
1 22.0 3.0 15.0 18.0 0.13 0.63 0.6 1.0 0.0 0.88 0.44 0.79 0.87 0.0 0.43 0.87 0.15 0.4 0.0 0.92 0.98 0.19 0.56 0.0
0 0.0 24.0 10.0 26.0 0.32 0.23 0.14 0.5 0.0 0.87 0.99 0.51 0.18 0.0 0.94 0.53 0.89 0.98 0.0 0.08 0.62 0.49 0.1 0.0
0 43.0 15.0 4.0 2.0 0.01 0.77 0.06 0.69 0.0 0.09 0.96 0.23 0.95 0.0 0.8 0.45 0.53 0.77 0.0 0.2 0.32 0.01 0.87 0.0
0 14.0 16.0 20.0 15.0 0.22 0.52 0.29 0.36 0.0 0.63 0.67 0.4 0.1 0.0 0.95 0.74 0.89 0.53 0.0 0.39 0.5 0.24 0.29 0.0
0 7.0 0.0 14.0 2.0 0.65 0.5 0.05 0.97 0.0 0.33 0.64 0.09 0.94 0.0 0.96 0.04 0.2 0.38 0.0 0.43 0.05 0.99 0.68 0.0
0 13.0 10.0 11.0 29.0 0.03 0.94 0.87 0.4 0.0 0.88 0.73 0.52 0.56 0.0 0.98 0.53 0.91 0.18 0.0 0.12 0.71 0.2 0.21 0.0
0 4.0 30.0 19.0 4.0 0.07 0.9 0.66 0.05 0.0 0.84 0.29 0.31 0.92 0.0 0.28 0.72 0.66 0.19 0.0 0.18 0.23 0.34 0.82 0.0
1 33.0 19.0 10.0 20.0 0.41 0.36 0.69 0.41 0.0 0.36 0.64 0.95 0.02 0.0 0.22 0.71 0.82 0.67 0.0 0.12 0.87 0.42 0.87 0.0
0 47.0 5.0 5.0 14.0 0.49 0.06 0.45 0.86 0.0 0.39 0.04 0.9 0.6 0.0 0.28 0.42 0.85 0.49 0.0 0.81 0.74 0.79 0.11 0.0
0 8.0 30.0 23.0 22.0 0.88 0.14 0.39 0.42 0.0 0.22 0.53 0.05 0.28 0.0 0.92 0.61 0.18 0.23 0.0 0.85 0.43 0.56 0.93 0.0
0 14.0 18.0 4.0 29.0 0.52 0.68 0.56 0.42 0.0 0.61 0.62 0.67 0.49 0.0 0.73 0.16 0.74 0.65 0.0 0.26 0.32 0.22 0.39 0.0
0 52.0 14.0 16.0 12.0 0.39 0.71 0.1 0.19 0.0 0.77 0.5 0.82 0.14 0.0 0.55 0.38 0.49 0.94 0.0 0.96 0.65 0.84 0.21 0.0
0 30.0 15.0 6.0 22.0 0.62 0.97 0.53 0.56 0.0 0.49 0.08 0.99 0.01 0.0 0.9 0.46 0.38 0.09 0.0 0.43 0.52 0.43 0.01 0.0
0 6.0 1.0 26.0 4.0 0.44 0.08 0.79 0.97 0.0 0.06 0.2 0.35 0.82 0.0 0.04 0.91 0.67 0.87 0.0 0.53 0.85 0.74 0.57 0.0
0 37.0 28.0 22.0 12.0 0.81 0.69 0.05 0.37 0.0 0.71 0.59 0.09 0.53 0.0 0.66 0.91 0.97 0.26 0.0 0.29 0.16 0.29 0.95 0.0
0 2.0 23.0 14.0 22.0 0.19 0.09 0.33 0.25 0.0 0.41 0.88 0.98 0.41 0.0 0.84 0.22 0.59 0.84 0.0 0.38 0.78 0.78 0.97 0.0
1 2.0 25.0 6.0 16.0 0.54 0.96 0.3 0.65 0.0 0.89 0.32 0.62 0.53 0.0 0.19 0.1 0.89 0.16 0.0 0.51 0.65 0.01 0.11 0.0
0 30.0 24.0 22.0 2.0 0.23 0.83 0.4 0.3 0.0 0.55 0.47 0.07 0.11 0.0 0.79 0.69 0.27 0.88 0.0 0.26 0.31 0.88 0.03 0.0
0 51.0 23.0 30.0 25.0 0.18 0.67 0.93 0.88 0.0 0.18 0.98 0.56 0.72 0.0 0.97 0.22 0.03 0.97 0.0 0.59 0.18 0.0 0.04 0.0
1 9.0 9.0 5.0 0.0 0.56 0.43 0.39 0.57 0.0 0.04 0.44 0.61 0.37 0.0 0.18 0.31 0.55 0.7 0.0 0.37 0.16 0.66 0.56 0.0
0 6.0 5.0 23.0 16.0 0.7 0.22 0.47 0.69 0.0 0.6 0.73 0.97 0.52 0.0 0.74 0.8 0.89 0.58 0.0 0.46 0.26 0.25 0.0 0.0
0 22.0 21.0 8.0 14.0 0.23 0.77 0.13 0.28 0.0 0.98 0.58 0.38 0.71 0.0 0.15 0.35 0.89 0.17 0.0 0.89 0.96 0.02 0.2 0.0
0 36.0 15.0 10.0 13.0 0.64 0.42 0.24 0.28 0.0 0.31 0.14 0.33 0.99 0.0 0.64 0.63 0.47 0.58 0.0 0.33 0.89 0.41 0.35 0.0
1 23.0 12.0 17.0 11.0 0.46 0.47 0.31 0.65 0.0 0.34 0.73 0.65 0.58 0.0 0.35 0.47 1.0 0.49 0.0 0.79 0.54 0.68 0.72 0.0
0 20.0 12.0 16.0 28.0 0.53 0.76 0.09 0.69 0.0 0.78 0.1 0.01 0.86 0.0 0.43 0.88 0.55 0.19 0.0 0.14 0.31 0.4 0.57 0.0
1 12.0 25.0 16.0 9.0 0.87 0.75 0.96 0.39 0.0 0.5 0.5 0.04 0.25 0.0 0.29 0.93 0.23 0.19 0.0 0.09 0.76 0.58 0.95 0.0
0 8.0 29.0 30.0 17.0 0.13 0.32 0.38 0.23 0.0 0.84 0.93 0.6 0.07 0.0 0.13 0.16 0.02 0.11 0.0 0.37 0.75 1.0 0.41 0.0
0 13.0 19.0 1.0 14.0 0.71 0.55 0.16 0.57 0.0 0.39 0.59 0.02 0.18 0.0 0.86 0.39 0.6 0.34 0.0 0.38 0.22 0.85 0.97 0.0
1 3.0 1.0 30.0 30.0 0.03 0.42 0.92 0.46 0.0 0.06 0.48 0.37 0.08 0.0 0.06 0.14 0.86 0.62 0.0 0.59 0.23 0.49 0.92 0.0
0 30.0 20.0 1.0 12.0 0.89 0.15 0.09 0.78 0.0 0.09 0.28 0.72 0.99 0.0 0.04 0.85 0.36 0.98 0.0 0.53 0.95 0.5 0.09 0.0
0 19.0 24.0 20.0 19.0 0.04 0.93 0.6 0.82 0.0 0.43 0.46 0.5 0.75 0.0 0.25 0.82 0.18 0.8 0.0 0.83 0.55 0.58 0.72 0.0
0 30.0 7.0 30.0 23.0 0.25 0.72 0.37 0.44 0.0 0.18 0.94 0.69 0.78 0.0 0.43 0.37 0.75 0.68 0.0 0.08 0.0 0.19 0.16 0.0
0 1.0 30.0 2.0 5.0 0.65 0.15 0.89 0.51 0.0 0.29 0.88 0.27 0.18 0.0 0.1 0.43 0.71 0.36 0.0 0.33 0.12 0.11 0.02 0.0
0 27.0 3.0 25.0 16.0 0.27 0.72 0.21 0.42 0.0 0.16 0.81 0.22 0.64 0.0 0.56 0.19 0.07 0.57 0.0 0.13 0.95 0.31 0.19 0.0
0 32.0 12.0 20.0 11.0 0.8 0.68 0.66 0.64 0.0 0.36 0.81 0.24 0.37 0.0 0.56 0.58 0.5 0.73 0.0 0.68 0.53 0.01 0.82 0.0
0 6.0 27.0 20.0 21.0 0.03 0.92 0.36 0.61 0.0 0.64 0.16 0.98 0.02 0.0 0.98 0.51 0.61 0.06 0.0 0.11 0.63 0.36 0.79 0.0
0 10.0 18.0 6.0 7.0 0.74 0.97 0.74 0.89 0.0 0.59 0.4 0.3 0.94 0.0 0.93 0.26 0.23 0.64 0.0 0.93 0.88 0.17 0.54 0.0
0 49.0 3.0 20.0 25.0 0.5 0.84 0.3 1.0 0.0 0.57 0.74 0.69 0.59 0.0 0.35 0.41 0.58 0.27 0.0 0.56 0.91 0.6 0.53 0.0
0 49.0 2.0 30.0 0.0 0.08 0.67 0.28 0.85 0.0 0.43 0.18 0.46 0.53 0.0 0.37 0.22 0.69 0.31 0.0 0.87 0.01 0.28 0.32 0.0
0 5.0 16.0 29.0 23.0 0.13 0.76 0.33 0.48 0.0 0.89 0.65 0.38 0.81 0.0 0.24 0.39 0.04 0.14 0.0 0.05 0.23 0.06 0.56 0.0
0 43.0 23.0 20.0 6.0 0.73 0.66 0.57 0.2 0.0 0.68 0.26 0.3 0.59 0.0 0.86 0.7 0.59 0.14 0.0 0.11 0.05 0.39 0.48 0.0
1 2.0 24.0 22.0 23.0 0.97 0.3 0.9 0.46 0.0 0.24 0.4 0.65 0.87 0.0 0.56 0.08 0.21 0.8 0.0 0.28 0.68 0.21 0.65 0.0
0 7.0 14.0 27.0 11.0 0.54 0.87 0.21 0.89 0.0 0.37 0.52 0.12 0.72 0.0 0.19 0.95 0.83 0.74 0.0 0.03 0.81 0.7 0.91 0.0
0 29.0 9.0 6.0 12.0 0.23 0.86 0.29 0.6 0.0 0.41 0.02 0.15 0.09 0.0 0.96 0.84 0.69 0.17 0.0 0.9 0.95 0.31 0.06 0.0
0 6.0 3.0 8.0 4.0 0.68 0.56 0.65 0.73 0.0 0.44 0.32 0.82 0.88 0.0 0.99 0.4 0.29 0.01 0.0 0.48 0.58 1.0 0.53 0.0
0 38.0 19.0 26.0 8.0 0.67 0.14 0.75 0.1 0.0 0.39 0.1 0.11 0.2 0.0 0.98 0.96 0.59 0.11 0.0 0.09 0.83 0.85 0.63 0.0
0 14.0 12.0 2.0 30.0 0.25 0.28 0.03 0.44 0.0 0.8 0.54 0.79 0.2 0.0 0.38 0.0 0.18 0.87 0.0 0.22 0.87 0.71 0.1 0.0
0 6.0 17.0 1.0 27.0 0.91 0.26 0.84 0.34 0.0 0.91 0.38 0.49 0.76 0.0 0.64 0.73 0.72 0.11 0.0 0.9 0.01 0.04 0.82 0.0
1 34.0 17.0 12.0 24.0 0.3 0.21 0.89 0.35 0.0 0.1 0.06 0.4 0.68 0.0 0.66 0.04 0.47 0.15 0.0 0.54 0.98 0.92 0.69 0.0
0 22.0 12.0 8.0 25.0 0.17 0.89 0.41 0.52 0.0 0.48 0.91 0.74 0.06 0.0 0.14 0.17 0.33 0.55 0.0 0.71 0.06 0.06 0.24 0.0
1 33.0 24.0 9.0 18.0 0.3 0.18 0.06 0.82 0.0 0.36 0.36 0.15 0.32 0.0 0.36 0.84 0.78 0.22 0.0 0.68 0.74 0.21 0.2 0.0
1 23.0 25.0 2.0 0.0 0.09 0.23 0.19 0.61 0.0 0.9 0.55 0.21 0.67 0.0 0.21 0.55 0.19 0.6 0.0 0.99 0.42 0.61 0.59 0.0
0 31.0 0.0 28.0 23.0 0.34 0.02 0.95 0.6 0.0 0.5 0.89 0.84 0.43 0.0 0.96 0.37 0.3 0.95 0.0 0.41 0.93 0.42 0.07 0.0
1 18.0 9.0 5.0 16.0 0.28 0.88 0.1 0.63 0.0 0.61 0.53 0.53 0.87 0.0 0.59 0.68 0.48 0.91 0.0 0.99 0.14 0.92 1.0 0.0
0 26.0 8.0 8.0 24.0 0.51 0.06 0.44 0.35 0.0 0.67 0.06 0.5 0.45 0.0 0.74 0.8 0.88 0.92 0.0 0.66 0.86 0.01 0.15 0.0
0 2.0 20.0 0.0 22.0 0.64 0.3 0.21 0.75 0.0 0.75 0.89 0.82 0.94 0.0 0.58 0.11 0.93 0.75 0.0 0.48 0.66 0.78 0.24 0.0
0 28.0 24.0 5.0 14.0 0.81 0.46 0.33 0.66 0.0 0.47 0.67 0.29 0.12 0.0 0.65 0.55 0.05 0.01 0.0 0.51 0.32 0.2 0.99 0.0
0 43.0 18.0 6.0 0.0 0.49 0.51 0.79 0.41 0.0 0.79 0.01 0.97 0.84 0.0 0.7 0.21 0.92 0.62 0.0 0.09 0.37 0.37 0.85 0.0
0 36.0 15.0 23.0 8.0 0.57 0.67 0.69 0.85 0.0 0.89 0.45 0.16 0.94 0.0 0.7 0.88 0.2 0.37 0.0 0.66 0.61 0.03 0.97 0.0
0 39.0 2.0 26.0 8.0 0.07 0.82 0.84 0.57 0.0 0.33 0.14 0.28 0.97 0.0 0.32 0.48 0.04 0.63 0.0 0.33 0.85 0.19 0.87 0.0
1 15.0 3.0 17.0 2.0 0.88 0.34 0.82 0.53 0.0 0.33 0.52 0.39 0.4 0.0 0.6 0.55 0.14 0.24 0.0 0.03 0.29 0.43 0.2 0.0
0 17.0 24.0 27.0 10.0 0.98 0.55 0.67 0.76 0.0 0.27 0.08 0.09 0.85 0.0 0.32 0.46 0.63 0.78 0.0 0.75 0.42 0.57 0.46 0.0
0 33.0 2.0 17.0 30.0 0.98 0.62 0.39 0.08 0.0 0.59 0.78 0.34 0.04 0.0 0.03 0.19 0.24 0.35 0.0 0.06 0.78 0.22 0.51 0.0
0 24.0 5.0 19.0 9.0 0.23 0.22 0.72 0.08 0.0 0.92 0.21 0.44 0.83 0.0 0.77 0.68 0.72 0.23 0.0 0.97 0.94 0.3 0.15 0.0
0 5.0 8.0 22.0 2.0 0.2 0.9 0.52 0.03 0.0 0.0 0.05 0.7 0.63 0.0 0.5 0.45 0.76 0.38 0.0 0.21 0.24 0.73 0.89 0.0
0 49.0 28.0 2.0 18.0 0.49 0.04 0.74 0.76 0.0 0.59 0.16 0.84 0.43 0.0 0.16 0.23 0.67 0.74 0.0 0.9 0.31 0.04 0.93 0.0
0 1.0 22.0 29.0 9.0 0.07 0.36 0.07 0.66 0.0 0.51 0.07 1.0 0.36 0.0 0.37 0.8 0.92 0.63 0.0 0.64 0.1 0.3 0.89 0.0
0 46.0 25.0 20.0 21.0 0.82 0.93 0.78 0.49 0.0 0.24 0.98 0.68 0.08 0.0 0.27 0.4 0.83 0.14 0.0 0.26 0.93 0.01 0.74 0.0
1 37.0 28.0 26.0 29.0 0.61 0.64 0.59 0.7 0.0 0.85 0.13 0.11 0.09 0.0 0.62 0.31 0.34 0.72 0.0 0.8 0.6 0.59 0.38 0.0
0 0.0 26.0 13.0 4.0 0.96 0.26 0.31 0.94 0.0 0.31 0.2 0.17 0.37 0.0 0.2 0.29 0.12 0.26 0.0 0.61 0.48 0.06 0.73 0.0
0 11.0 8.0 5.0 4.0 0.75 0.72 0.03 0.46 0.0 0.37 0.5 0.34 0.11 0.0 0.01 0.19 0.6 0.35 0.0 0.82 0.95 0.4 0.68 0.0
0 0.0 25.0 11.0 30.0 0.81 0.7 0.16 0.88 0.0 0.71 0.51 0.96 0.88 0.0 0.98 0.22 0.73 0.64 0.0 0.04 0.0 1.0 0.95 0.0
0 24.0 26.0 27.0 22.0 0.8 0.47 0.67 0.7 0.0 0.67 0.61 0.56 0.56 0.0 0.67 0.48 0.97 0.95 0.0 0.61 0.5 0.67 0.34 0.0
0 42.0 5.0 27.0 16.0 1.0 0.75 0.57 0.98 0.0 0.3 0.19 0.08 0.52 0.0 0.24 0.86 0.62 0.04 0.0 0.35 0.9 0.63 0.46 0.0
1 14.0 28.0 4.0 12.0 0.58 0.19 0.27 0.29 0.0 0.82 0.08 0.98 0.16 0.0 0.94 0.11 0.83 0.21 0.0 0.17 0.36 0.88 0.09 0.0
0 36.0 14.0 24.0 13.0 0.1 0.82 0.18 0.93 0.0 0.92 0.24 0.67 0.28 0.0 0.49 0.75 0.17 0.96 0.0 0.32 0.28 0.44 0.74 0.0
1 42.0 11.0 25.0 23.0 0.01 0.75 0.03 0.99 0.0 0.65 0.66 0.46 0.56 0.0 0.7 0.73 0.1 0.54 0.0 0.02 0.08 0.49 0.22 0.0
0 54.0 10.0 7.0 15.0 0.52 0.58 0.41 0.34 0.0 0.7 0.05 0.25 0.14 0.0 0.96 0.09 0.46 0.9 0.0 0.51 0.73 0.56 0.88 0.0
0 40.0 23.0 21.0 26.0 0.64 0.2 0.48 0.32 0.0 0.31 0.32 0.6 0.1 0.0 0.2 0.73 0.73 0.49 0.0 0.71 0.55 0.14 0.85 0.0
0 43.0 12.0 17.0 21.0 0.86 0.4 0.35 0.6 0.0 0.55 0.67 0.58 0.68 0.0 0.9 0.75 0.08 0.4 0.0 0.84 0.03 0.06 0.2 0.0
0 20.0 2.0 3.0 0.0 0.34 0.76 0.21 0.83 0.0 0.07 0.6 0.57 0.9 0.0 0.4 0.03 0.14 0.32 0.0 0.1 0.3 0.31 0.39 0.0
0 34.0 14.0 12.0 30.0 0.36 0.98 0.0 0.45 0.0 0.31 0.95 0.51 0.48 0.0 0.13 0.87 0.56 0.95 0.0 0.65 0.04 0.19 0.54 0.0
0 1.0 28.0 11.0 11.0 0.23 0.75 0.09 0.4 0.0 0.76 0.1 0.68 0.4 0.0 0.71 0.63 0.95 0.19 0.0 0.36 0.51 0.72 0.33 0.0
0 37.0 9.0 1.0 13.0 0.42 0.07 0.24 0.02 0.0 0.34 0.55 0.82 0.24 0.0 0.5 0.87 0.59 0.51 0.0 0.13 0.37 0.28 0.11 0.0
0 6.0 21.0 16.0 2.0 0.36 0.42 0.82 0.15 0.0 0.75 0.44 0.73 0.75 0.0 0.16 0.36 0.93 0.27 0.0 0.88 0.64 0.31 0.04 0.0
0 8.0 5.0 6.0 27.0 0.79 0.54 0.26 0.55 0.0 0.86 0.37 0.72 0.09 0.0 0.65 0.59 0.73 0.57 0.0 0.79 0.43 0.26 0.56 0.0
1 27.0 23.0 2.0 6.0 0.48 0.78 0.75 0.99 0.0 0.87 0.59 0.18 0.75 0.0 0.29 0.44 0.55 0.67 0.0 0.46 0.68 1.0 0.67 0.0
1 1.0 9.0 0.0 18.0 0.6 0.19 0.74 0.65 0.0 0.5 0.54 0.07 0.97 0.0 0.01 0.06 0.13 0.08 0.0 0.41 0.3 0.64 0.44 0.0
1 24.0 28.0 4.0 13.0 0.97 0.88 0.77 0.89 0.0 0.25 0.73 0.32 0.34 0.0 0.34 0.65 0.73 0.28 0.0 0.37 0.91 0.22 0.54 0.0
0 28.0 29.0 18.0 15.0 0.24 0.48 0.53 0.42 0.0 0.56 0.79 0.31 0.35 0.0 0.98 0.71 0.05 0.42 0.0 0.35 0.35 0.53 0.86 0.0
0 54.0 3.0 14.0 21.0 0.73 0.1 0.58 0.02 0.0 0.23 0.26 0.11 0.14 0.0 0.61 0.48 0.65 0.63 0.0 0.94 0.92 0.95 0.39 0.0
0 52.0 23.0 1.0 9.0 0.39 0.09 0.83 0.57 0.0 0.15 0.82 0.73 0.86 0.0 0.36 0.88 0.76 0.72 0.0 0.09 0.26 0.75 0.29 0.0
0 12.0 2.0 5.0 3.0 0.73 0.93 0.28 0.19 0.0 0.64 0.25 0.06 0.29 0.0 0.15 0.02 0.96 0.14 0.0 0.14 0.69 0.64 0.76 0.0
1 14.0 1.0 15.0 18.0 0.96 0.76 0.48 0.12 0.0 0.78 0.17 0.92 0.32 0.0 0.66 0.77 0.13 0.21 0.0 0.68 0.34 0.98 0.8 0.0
0 5.0 12.0 8.0 23.0 0.22 0.41 0.87 0.03 0.0 0.1 0.91 0.97 0.17 0.0 0.06 0.53 0.23 0.8 0.0 0.41 0.22 0.56 0.71 0.0
1 11.0 18.0 2.0 27.0 0.46 0.7 0.73 0.64 0.0 0.4 0.13 0.74 0.31 0.0 0.22 0.78 0.16 0.48 0.0 0.16 0.02 0.28 0.19 0.0
1 13.0 19.0 13.0 16.0 0.82 0.57 0.64 0.83 0.0 0.43 0.24 0.17 0.19 0.0 0.32 0.61 0.57 0.42 0.0 0.9 0.58 0.49 0.29 0.0
0 11.0 27.0 10.0 17.0 0.14 0.68 0.78 0.32 0.0 0.74 0.82 0.43 0.02 0.0 0.24 0.31 0.89 0.18 0.0 0.62 0.18 0.77 0.18 0.0
0 22.0 16.0 22.0 10.0 0.68 0.53 0.98 0.8 0.0 0.05 0.84 0.48 0.05 0.0 0.07 0.74 0.26 0.53 0.0 0.1 0.7 0.72 0.22 0.0
0 20.0 29.0 9.0 20.0 0.94 0.64 0.47 0.33 0.0 0.79 0.76 0.01 0.26 0.0 0.17 0.81 0.45 0.84 0.0 0.27 0.28 0.47 0.14 0.0
1 53.0 25.0 7.0 6.0 0.73 0.31 0.54 0.13 0.0 0.38 0.88 0.35 0.13 0.0 0.51 0.87 0.89 0.4 0.0 0.24 0.39 0.38 0.51 0.0
0 16.0 14.0 30.0 1.0 0.6 0.28 0.5 0.22 0.0 0.25 0.38 0.26 0.18 0.0 0.15 0.47 0.31 0.55 0.0 0.59 0.27 0.52 0.45 0.0
0 43.0 1.0 6.0 5.0 0.17 0.83 0.85 0.3 0.0 0.24 0.02 0.63 0.3 0.0 0.32 0.38 0.34 0.32 0.0 0.45 0.61 0.77 0.18 0.0
0 18.0 4.0 29.0 8.0 0.01 0.39 0.62 0.86 0.0 0.74 0.59 0.48 0.19 0.0 0.47 0.47 0.26 0.54 0.0 0.8 0.62 0.08 0.28 0.0
0 39.0 3.0 3.0 9.0 0.93 0.49 0.98 0.8 0.0 0.13 0.02 0.12 0.83 0.0 0.55 0.68 0.52 0.69 0.0 0.25 0.34 0.09 0.21 0.0
1 2.0 28.0 9.0 16.0 0.28 0.22 0.09 0.73 0.0 0.24 0.4 0.44 0.92 0.0 0.04 0.88 0.54 0.48 0.0 0.33 0.32 0.46 0.44 0.0
0 19.0 22.0 10.0 2.0 0.55 0.67 0.31 0.37 0.0 0.7 0.36 0.44 0.35 0.0 0.13 0.61 0.61 0.47 0.0 0.97 0.19 0.44 0.37 0.0
0 51.0 11.0 23.0 22.0 0.38 0.13 0.89 0.78 0.0 0.03 0.01 0.19 0.05 0.0 0.09 0.39 0.25 0.59 0.0 0.15 0.55 0.42 0.58 0.0
1 47.0 1.0 14.0 17.0 0.05 0.7 0.36 0.57 0.0 0.24 0.5 0.84 0.04 0.0 0.31 0.56 0.05 0.47 0.0 0.33 0.48 0.39 0.21 0.0
0 49.0 4.0 10.0 30.0 0.91 0.42 0.04 0.71 0.0 0.66 0.41 0.48 0.63 0.0 0.15 1.0 0.86 0.57 0.0 0.1 0.6 0.3 0.28 0.0
0 16.0 0.0 8.0 17.0 0.65 0.06 0.11 0.93 0.0 0.63 0.99 0.91 0.15 0.0 0.13 0.67 0.11 0.73 0.0 0.58 0.69 0.81 0.96 0.0
0 48.0 9.0 5.0 20.0 0.86 0.71 0.42 0.85 0.0 0.63 0.32 0.43 0.35 0.0 1.0 0.65 0.92 0.6 0.0 0.43 0.97 0.91 0.84 0.0
1 14.0 0.0 5.0 26.0 0.98 0.73 0.1 0.51 0.0 0.21 0.23 0.04 0.29 0.0 0.75 0.51 0.55 0.39 0.0 0.14 0.87 0.65 0.09 0.0
1 15.0 7.0 13.0 20.0 0.36 0.36 0.85 0.46 0.0 0.19 0.18 0.65 0.83 0.0 0.02 0.64 0.26 0.05 0.0 0.88 0.27 0.97 0.38 0.0
0 2.0 17.0 24.0 20.0 0.02 0.68 0.82 0.1 0.0 0.54 0.22 0.99 0.5 0.0 0.77 0.62 0.09 0.39 0.0 0.9 0.29 0.94 0.8 0.0
0 45.0 23.0 14.0 19.0 0.74 0.25 0.73 0.92 0.0 0.68 0.03 0.1 0.02 0.0 0.09 0.12 0.44 0.84 0.0 0.49 0.18 0.39 0.59 0.0
